0 5.138603e+04 0.900000 0.025000 0.025000 0.025000 0.025000
0 1.457653e+04 0.900000 0.025000 0.025000 0.025000 0.025000
0 3.910693e+04 0.900000 0.025000 0.025000 0.025000 0.025000
0 2.214807e+04 0.900000 0.025000 0.025000 0.025000 0.025000
0 1.636930e+04 0.900000 0.025000 0.025000 0.025000 0.025000
0 1.673416e+05 0.900000 0.025000 0.025000 0.025000 0.025000
0 2.635295e+04 0.900000 0.025000 0.025000 0.025000 0.025000
0 1.694790e+04 0.900000 0.025000 0.025000 0.025000 0.025000
0 1.616410e+04 0.900000 0.025000 0.025000 0.025000 0.025000
0 1.341514e+04 0.900000 0.025000 0.025000 0.025000 0.025000
0 1.117287e+04 0.900000 0.025000 0.025000 0.025000 0.025000
0 1.107612e+04 0.900000 0.025000 0.025000 0.025000 0.025000
0 2.625394e+04 0.900000 0.025000 0.025000 0.025000 0.025000
0 1.851831e+05 0.900000 0.025000 0.025000 0.025000 0.025000
0 1.078445e+05 0.900000 0.025000 0.025000 0.025000 0.025000
0 1.628079e+04 0.900000 0.025000 0.025000 0.025000 0.025000
0 1.631045e+05 0.900000 0.025000 0.025000 0.025000 0.025000
0 1.049122e+05 0.900000 0.025000 0.025000 0.025000 0.025000
0 1.165558e+04 0.900000 0.025000 0.025000 0.025000 0.025000
0 2.275652e+04 0.900000 0.025000 0.025000 0.025000 0.025000
0 1.135015e+04 0.900000 0.025000 0.025000 0.025000 0.025000
0 1.862910e+04 0.900000 0.025000 0.025000 0.025000 0.025000
0 1.852979e+04 0.900000 0.025000 0.025000 0.025000 0.025000
0 3.413714e+04 0.900000 0.025000 0.025000 0.025000 0.025000
0 2.315564e+04 0.900000 0.025000 0.025000 0.025000 0.025000
0 1.703609e+04 0.900000 0.025000 0.025000 0.025000 0.025000
0 1.308461e+04 0.900000 0.025000 0.025000 0.025000 0.025000
0 3.449890e+04 0.900000 0.025000 0.025000 0.025000 0.025000
0 2.967342e+04 0.900000 0.025000 0.025000 0.025000 0.025000
0 3.916278e+04 0.900000 0.025000 0.025000 0.025000 0.025000
0 1.515801e+04 0.900000 0.025000 0.025000 0.025000 0.025000
0 2.404999e+04 0.900000 0.025000 0.025000 0.025000 0.025000
0 1.182449e+04 0.900000 0.025000 0.025000 0.025000 0.025000
0 3.708229e+04 0.900000 0.025000 0.025000 0.025000 0.025000
0 1.304437e+04 0.900000 0.025000 0.025000 0.025000 0.025000
0 7.068373e+04 0.900000 0.025000 0.025000 0.025000 0.025000
0 1.409118e+04 0.900000 0.025000 0.025000 0.025000 0.025000
0 3.318978e+04 0.900000 0.025000 0.025000 0.025000 0.025000
0 1.608258e+04 0.900000 0.025000 0.025000 0.025000 0.025000
0 8.998047e+04 0.900000 0.025000 0.025000 0.025000 0.025000
0 5.040636e+04 0.900000 0.025000 0.025000 0.025000 0.025000
0 1.455261e+04 0.900000 0.025000 0.025000 0.025000 0.025000
0 3.795440e+04 0.900000 0.025000 0.025000 0.025000 0.025000
0 1.750590e+04 0.900000 0.025000 0.025000 0.025000 0.025000
0 6.954318e+04 0.900000 0.025000 0.025000 0.025000 0.025000
0 1.663168e+04 0.900000 0.025000 0.025000 0.025000 0.025000
0 2.640360e+04 0.900000 0.025000 0.025000 0.025000 0.025000
0 1.349482e+04 0.900000 0.025000 0.025000 0.025000 0.025000
0 2.129249e+04 0.900000 0.025000 0.025000 0.025000 0.025000
0 1.443517e+04 0.900000 0.025000 0.025000 0.025000 0.025000
0 1.047832e+04 0.900000 0.025000 0.025000 0.025000 0.025000
0 1.414262e+05 0.900000 0.025000 0.025000 0.025000 0.025000
0 1.505087e+04 0.900000 0.025000 0.025000 0.025000 0.025000
0 3.379578e+04 0.900000 0.025000 0.025000 0.025000 0.025000
0 4.628526e+04 0.900000 0.025000 0.025000 0.025000 0.025000
0 1.757134e+04 0.900000 0.025000 0.025000 0.025000 0.025000
0 1.791342e+04 0.900000 0.025000 0.025000 0.025000 0.025000
0 6.477930e+04 0.900000 0.025000 0.025000 0.025000 0.025000
0 2.349132e+04 0.900000 0.025000 0.025000 0.025000 0.025000
0 1.113752e+04 0.900000 0.025000 0.025000 0.025000 0.025000
0 1.038818e+05 0.900000 0.025000 0.025000 0.025000 0.025000
0 2.273600e+04 0.900000 0.025000 0.025000 0.025000 0.025000
0 8.579764e+04 0.900000 0.025000 0.025000 0.025000 0.025000
0 2.050785e+04 0.900000 0.025000 0.025000 0.025000 0.025000
0 1.184766e+04 0.900000 0.025000 0.025000 0.025000 0.025000
0 3.399968e+04 0.900000 0.025000 0.025000 0.025000 0.025000
0 1.477028e+04 0.900000 0.025000 0.025000 0.025000 0.025000
0 1.186881e+04 0.900000 0.025000 0.025000 0.025000 0.025000
0 1.401393e+05 0.900000 0.025000 0.025000 0.025000 0.025000
0 1.313123e+04 0.900000 0.025000 0.025000 0.025000 0.025000
0 1.084469e+04 0.900000 0.025000 0.025000 0.025000 0.025000
0 7.129709e+04 0.900000 0.025000 0.025000 0.025000 0.025000
0 3.710150e+04 0.900000 0.025000 0.025000 0.025000 0.025000
0 2.755598e+04 0.900000 0.025000 0.025000 0.025000 0.025000
0 8.419830e+04 0.900000 0.025000 0.025000 0.025000 0.025000
0 1.368937e+04 0.900000 0.025000 0.025000 0.025000 0.025000
0 2.172559e+04 0.900000 0.025000 0.025000 0.025000 0.025000
0 1.472207e+05 0.900000 0.025000 0.025000 0.025000 0.025000
0 1.226502e+04 0.900000 0.025000 0.025000 0.025000 0.025000
0 2.036089e+04 0.900000 0.025000 0.025000 0.025000 0.025000
0 1.172745e+04 0.900000 0.025000 0.025000 0.025000 0.025000
0 1.578938e+04 0.900000 0.025000 0.025000 0.025000 0.025000
0 1.438841e+05 0.900000 0.025000 0.025000 0.025000 0.025000
0 4.607951e+04 0.900000 0.025000 0.025000 0.025000 0.025000
0 7.846287e+04 0.900000 0.025000 0.025000 0.025000 0.025000
0 1.467792e+04 0.900000 0.025000 0.025000 0.025000 0.025000
0 2.163063e+04 0.900000 0.025000 0.025000 0.025000 0.025000
0 1.859722e+04 0.900000 0.025000 0.025000 0.025000 0.025000
0 1.040748e+05 0.900000 0.025000 0.025000 0.025000 0.025000
0 1.127645e+04 0.900000 0.025000 0.025000 0.025000 0.025000
0 1.353225e+04 0.900000 0.025000 0.025000 0.025000 0.025000
0 3.845782e+04 0.900000 0.025000 0.025000 0.025000 0.025000
0 1.494238e+04 0.900000 0.025000 0.025000 0.025000 0.025000
0 1.179751e+04 0.900000 0.025000 0.025000 0.025000 0.025000
0 1.087133e+04 0.900000 0.025000 0.025000 0.025000 0.025000
0 3.114305e+04 0.900000 0.025000 0.025000 0.025000 0.025000
0 1.260968e+04 0.900000 0.025000 0.025000 0.025000 0.025000
0 1.402943e+04 0.900000 0.025000 0.025000 0.025000 0.025000
0 5.497317e+04 0.900000 0.025000 0.025000 0.025000 0.025000
0 1.691507e+04 0.900000 0.025000 0.025000 0.025000 0.025000
0 1.337008e+04 0.900000 0.025000 0.025000 0.025000 0.025000
0 5.904292e+04 0.900000 0.025000 0.025000 0.025000 0.025000
0 1.266825e+05 0.900000 0.025000 0.025000 0.025000 0.025000
0 3.600542e+04 0.900000 0.025000 0.025000 0.025000 0.025000
0 1.356389e+05 0.900000 0.025000 0.025000 0.025000 0.025000
0 1.515420e+04 0.900000 0.025000 0.025000 0.025000 0.025000
0 3.056354e+04 0.900000 0.025000 0.025000 0.025000 0.025000
0 2.664842e+04 0.900000 0.025000 0.025000 0.025000 0.025000
0 2.575818e+04 0.900000 0.025000 0.025000 0.025000 0.025000
0 1.345565e+04 0.900000 0.025000 0.025000 0.025000 0.025000
0 1.407004e+04 0.900000 0.025000 0.025000 0.025000 0.025000
0 2.054401e+04 0.900000 0.025000 0.025000 0.025000 0.025000
0 5.803957e+04 0.900000 0.025000 0.025000 0.025000 0.025000
0 1.769526e+04 0.900000 0.025000 0.025000 0.025000 0.025000
0 1.973508e+04 0.900000 0.025000 0.025000 0.025000 0.025000
0 1.119354e+05 0.900000 0.025000 0.025000 0.025000 0.025000
0 1.098104e+04 0.900000 0.025000 0.025000 0.025000 0.025000
0 1.412830e+04 0.900000 0.025000 0.025000 0.025000 0.025000
0 1.215342e+05 0.900000 0.025000 0.025000 0.025000 0.025000
0 7.626498e+04 0.900000 0.025000 0.025000 0.025000 0.025000
0 2.487264e+04 0.900000 0.025000 0.025000 0.025000 0.025000
0 1.295164e+04 0.900000 0.025000 0.025000 0.025000 0.025000
0 3.923006e+04 0.900000 0.025000 0.025000 0.025000 0.025000
0 1.389653e+04 0.900000 0.025000 0.025000 0.025000 0.025000
0 3.673684e+04 0.900000 0.025000 0.025000 0.025000 0.025000
0 7.241772e+04 0.900000 0.025000 0.025000 0.025000 0.025000
0 1.116114e+04 0.900000 0.025000 0.025000 0.025000 0.025000
0 1.431466e+04 0.900000 0.025000 0.025000 0.025000 0.025000
0 2.400768e+04 0.900000 0.025000 0.025000 0.025000 0.025000
0 2.262475e+04 0.900000 0.025000 0.025000 0.025000 0.025000
0 1.251899e+05 0.900000 0.025000 0.025000 0.025000 0.025000
0 3.880916e+04 0.900000 0.025000 0.025000 0.025000 0.025000
0 1.785106e+04 0.900000 0.025000 0.025000 0.025000 0.025000
0 1.956344e+04 0.900000 0.025000 0.025000 0.025000 0.025000
0 1.721827e+04 0.900000 0.025000 0.025000 0.025000 0.025000
0 1.475441e+04 0.900000 0.025000 0.025000 0.025000 0.025000
0 1.069161e+04 0.900000 0.025000 0.025000 0.025000 0.025000
0 1.827201e+04 0.900000 0.025000 0.025000 0.025000 0.025000
0 1.775577e+05 0.900000 0.025000 0.025000 0.025000 0.025000
0 1.252065e+05 0.900000 0.025000 0.025000 0.025000 0.025000
0 6.821335e+04 0.900000 0.025000 0.025000 0.025000 0.025000
0 1.142793e+05 0.900000 0.025000 0.025000 0.025000 0.025000
0 1.103250e+04 0.900000 0.025000 0.025000 0.025000 0.025000
0 3.746550e+04 0.900000 0.025000 0.025000 0.025000 0.025000
0 5.855301e+04 0.900000 0.025000 0.025000 0.025000 0.025000
0 4.126740e+04 0.900000 0.025000 0.025000 0.025000 0.025000
0 1.260608e+04 0.900000 0.025000 0.025000 0.025000 0.025000
0 1.287425e+05 0.900000 0.025000 0.025000 0.025000 0.025000
0 2.636598e+04 0.900000 0.025000 0.025000 0.025000 0.025000
0 3.854148e+04 0.900000 0.025000 0.025000 0.025000 0.025000
0 3.643638e+04 0.900000 0.025000 0.025000 0.025000 0.025000
0 1.135132e+04 0.900000 0.025000 0.025000 0.025000 0.025000
0 1.161674e+04 0.900000 0.025000 0.025000 0.025000 0.025000
0 3.980095e+04 0.900000 0.025000 0.025000 0.025000 0.025000
0 8.123155e+04 0.900000 0.025000 0.025000 0.025000 0.025000
0 5.058331e+04 0.900000 0.025000 0.025000 0.025000 0.025000
0 3.156630e+04 0.900000 0.025000 0.025000 0.025000 0.025000
0 1.497682e+04 0.900000 0.025000 0.025000 0.025000 0.025000
0 1.142777e+05 0.900000 0.025000 0.025000 0.025000 0.025000
0 1.411270e+04 0.900000 0.025000 0.025000 0.025000 0.025000
0 8.508259e+04 0.900000 0.025000 0.025000 0.025000 0.025000
0 1.550079e+04 0.900000 0.025000 0.025000 0.025000 0.025000
0 1.818923e+04 0.900000 0.025000 0.025000 0.025000 0.025000
0 1.956463e+04 0.900000 0.025000 0.025000 0.025000 0.025000
0 1.115753e+04 0.900000 0.025000 0.025000 0.025000 0.025000
0 3.707594e+04 0.900000 0.025000 0.025000 0.025000 0.025000
0 1.783212e+04 0.900000 0.025000 0.025000 0.025000 0.025000
0 1.286470e+04 0.900000 0.025000 0.025000 0.025000 0.025000
0 2.000118e+04 0.900000 0.025000 0.025000 0.025000 0.025000
0 2.236216e+04 0.900000 0.025000 0.025000 0.025000 0.025000
0 1.081565e+04 0.900000 0.025000 0.025000 0.025000 0.025000
0 2.387611e+04 0.900000 0.025000 0.025000 0.025000 0.025000
0 3.567310e+04 0.900000 0.025000 0.025000 0.025000 0.025000
0 1.047299e+04 0.900000 0.025000 0.025000 0.025000 0.025000
0 3.677312e+04 0.900000 0.025000 0.025000 0.025000 0.025000
0 1.510666e+04 0.900000 0.025000 0.025000 0.025000 0.025000
0 1.441832e+04 0.900000 0.025000 0.025000 0.025000 0.025000
0 1.589092e+04 0.900000 0.025000 0.025000 0.025000 0.025000
0 1.341983e+04 0.900000 0.025000 0.025000 0.025000 0.025000
0 1.422184e+04 0.900000 0.025000 0.025000 0.025000 0.025000
0 1.271978e+04 0.900000 0.025000 0.025000 0.025000 0.025000
0 2.432466e+04 0.900000 0.025000 0.025000 0.025000 0.025000
0 9.972733e+04 0.900000 0.025000 0.025000 0.025000 0.025000
0 1.226657e+04 0.900000 0.025000 0.025000 0.025000 0.025000
0 1.553170e+04 0.900000 0.025000 0.025000 0.025000 0.025000
0 1.152515e+04 0.900000 0.025000 0.025000 0.025000 0.025000
0 5.235122e+04 0.900000 0.025000 0.025000 0.025000 0.025000
0 2.130700e+04 0.900000 0.025000 0.025000 0.025000 0.025000
0 5.323264e+04 0.900000 0.025000 0.025000 0.025000 0.025000
0 1.730715e+04 0.900000 0.025000 0.025000 0.025000 0.025000
0 1.347012e+04 0.900000 0.025000 0.025000 0.025000 0.025000
0 3.507762e+04 0.900000 0.025000 0.025000 0.025000 0.025000
0 1.263015e+04 0.900000 0.025000 0.025000 0.025000 0.025000
0 2.239990e+04 0.900000 0.025000 0.025000 0.025000 0.025000
0 3.710111e+04 0.900000 0.025000 0.025000 0.025000 0.025000
0 3.207332e+04 0.900000 0.025000 0.025000 0.025000 0.025000
0 1.183270e+04 0.900000 0.025000 0.025000 0.025000 0.025000
0 1.623456e+05 0.900000 0.025000 0.025000 0.025000 0.025000
0 1.816269e+05 0.900000 0.025000 0.025000 0.025000 0.025000
0 3.837161e+04 0.900000 0.025000 0.025000 0.025000 0.025000
0 1.190994e+04 0.900000 0.025000 0.025000 0.025000 0.025000
0 1.728175e+04 0.900000 0.025000 0.025000 0.025000 0.025000
0 1.196473e+05 0.900000 0.025000 0.025000 0.025000 0.025000
0 1.014727e+05 0.900000 0.025000 0.025000 0.025000 0.025000
0 1.488711e+04 0.900000 0.025000 0.025000 0.025000 0.025000
0 1.139904e+04 0.900000 0.025000 0.025000 0.025000 0.025000
0 1.629343e+04 0.900000 0.025000 0.025000 0.025000 0.025000
0 3.015923e+04 0.900000 0.025000 0.025000 0.025000 0.025000
0 2.312469e+05 0.900000 0.025000 0.025000 0.025000 0.025000
0 2.775216e+04 0.900000 0.025000 0.025000 0.025000 0.025000
0 3.355830e+04 0.900000 0.025000 0.025000 0.025000 0.025000
0 1.597784e+04 0.900000 0.025000 0.025000 0.025000 0.025000
0 1.648947e+04 0.900000 0.025000 0.025000 0.025000 0.025000
0 2.198592e+04 0.900000 0.025000 0.025000 0.025000 0.025000
0 2.527169e+05 0.900000 0.025000 0.025000 0.025000 0.025000
0 3.274840e+04 0.900000 0.025000 0.025000 0.025000 0.025000
0 4.233054e+04 0.900000 0.025000 0.025000 0.025000 0.025000
0 4.118264e+04 0.900000 0.025000 0.025000 0.025000 0.025000
0 2.670771e+04 0.900000 0.025000 0.025000 0.025000 0.025000
0 5.515999e+04 0.900000 0.025000 0.025000 0.025000 0.025000
0 1.877792e+05 0.900000 0.025000 0.025000 0.025000 0.025000
0 1.378156e+04 0.900000 0.025000 0.025000 0.025000 0.025000
0 2.355129e+05 0.900000 0.025000 0.025000 0.025000 0.025000
0 2.815443e+05 0.900000 0.025000 0.025000 0.025000 0.025000
0 2.695094e+04 0.900000 0.025000 0.025000 0.025000 0.025000
0 2.020857e+04 0.900000 0.025000 0.025000 0.025000 0.025000
0 1.624624e+05 0.900000 0.025000 0.025000 0.025000 0.025000
0 1.253503e+04 0.900000 0.025000 0.025000 0.025000 0.025000
0 1.166253e+04 0.900000 0.025000 0.025000 0.025000 0.025000
0 2.205372e+04 0.900000 0.025000 0.025000 0.025000 0.025000
0 1.360139e+04 0.900000 0.025000 0.025000 0.025000 0.025000
0 3.418495e+04 0.900000 0.025000 0.025000 0.025000 0.025000
0 6.299246e+04 0.900000 0.025000 0.025000 0.025000 0.025000
0 7.086618e+04 0.900000 0.025000 0.025000 0.025000 0.025000
0 6.216674e+04 0.900000 0.025000 0.025000 0.025000 0.025000
0 5.893745e+04 0.900000 0.025000 0.025000 0.025000 0.025000
0 1.604439e+04 0.900000 0.025000 0.025000 0.025000 0.025000
0 1.239605e+04 0.900000 0.025000 0.025000 0.025000 0.025000
0 1.341555e+04 0.900000 0.025000 0.025000 0.025000 0.025000
0 4.435487e+04 0.900000 0.025000 0.025000 0.025000 0.025000
0 1.248548e+04 0.900000 0.025000 0.025000 0.025000 0.025000
0 2.720825e+04 0.900000 0.025000 0.025000 0.025000 0.025000
0 1.694804e+04 0.900000 0.025000 0.025000 0.025000 0.025000
0 2.026227e+05 0.900000 0.025000 0.025000 0.025000 0.025000
0 1.700462e+04 0.900000 0.025000 0.025000 0.025000 0.025000
0 1.120317e+04 0.900000 0.025000 0.025000 0.025000 0.025000
0 1.334845e+04 0.900000 0.025000 0.025000 0.025000 0.025000
0 2.442098e+04 0.900000 0.025000 0.025000 0.025000 0.025000
0 1.649433e+04 0.900000 0.025000 0.025000 0.025000 0.025000
0 4.958145e+04 0.900000 0.025000 0.025000 0.025000 0.025000
0 1.199161e+05 0.900000 0.025000 0.025000 0.025000 0.025000
0 1.698326e+05 0.900000 0.025000 0.025000 0.025000 0.025000
0 1.585882e+04 0.900000 0.025000 0.025000 0.025000 0.025000
0 2.739707e+04 0.900000 0.025000 0.025000 0.025000 0.025000
0 1.851041e+04 0.900000 0.025000 0.025000 0.025000 0.025000
0 1.922480e+04 0.900000 0.025000 0.025000 0.025000 0.025000
0 1.162042e+04 0.900000 0.025000 0.025000 0.025000 0.025000
0 2.674065e+04 0.900000 0.025000 0.025000 0.025000 0.025000
0 7.588307e+04 0.900000 0.025000 0.025000 0.025000 0.025000
0 1.408137e+04 0.900000 0.025000 0.025000 0.025000 0.025000
0 1.881113e+04 0.900000 0.025000 0.025000 0.025000 0.025000
0 1.126311e+05 0.900000 0.025000 0.025000 0.025000 0.025000
0 1.567133e+05 0.900000 0.025000 0.025000 0.025000 0.025000
0 1.194733e+05 0.900000 0.025000 0.025000 0.025000 0.025000
0 2.807783e+05 0.900000 0.025000 0.025000 0.025000 0.025000
0 1.481144e+04 0.900000 0.025000 0.025000 0.025000 0.025000
0 1.744032e+04 0.900000 0.025000 0.025000 0.025000 0.025000
0 2.322217e+04 0.900000 0.025000 0.025000 0.025000 0.025000
0 1.580813e+05 0.900000 0.025000 0.025000 0.025000 0.025000
0 3.295721e+04 0.900000 0.025000 0.025000 0.025000 0.025000
0 1.571881e+04 0.900000 0.025000 0.025000 0.025000 0.025000
0 1.501807e+04 0.900000 0.025000 0.025000 0.025000 0.025000
0 3.954295e+04 0.900000 0.025000 0.025000 0.025000 0.025000
0 2.794383e+04 0.900000 0.025000 0.025000 0.025000 0.025000
0 1.106388e+04 0.900000 0.025000 0.025000 0.025000 0.025000
0 1.388421e+04 0.900000 0.025000 0.025000 0.025000 0.025000
0 1.291845e+05 0.900000 0.025000 0.025000 0.025000 0.025000
0 3.385675e+04 0.900000 0.025000 0.025000 0.025000 0.025000
0 9.678686e+04 0.900000 0.025000 0.025000 0.025000 0.025000
0 2.492977e+05 0.900000 0.025000 0.025000 0.025000 0.025000
0 2.806388e+04 0.900000 0.025000 0.025000 0.025000 0.025000
0 3.011139e+04 0.900000 0.025000 0.025000 0.025000 0.025000
0 1.868959e+04 0.900000 0.025000 0.025000 0.025000 0.025000
0 1.688536e+04 0.900000 0.025000 0.025000 0.025000 0.025000
0 1.570368e+05 0.900000 0.025000 0.025000 0.025000 0.025000
0 1.423471e+04 0.900000 0.025000 0.025000 0.025000 0.025000
0 7.832305e+04 0.900000 0.025000 0.025000 0.025000 0.025000
0 2.874064e+04 0.900000 0.025000 0.025000 0.025000 0.025000
0 1.577625e+05 0.900000 0.025000 0.025000 0.025000 0.025000
0 1.262647e+04 0.900000 0.025000 0.025000 0.025000 0.025000
0 2.649332e+04 0.900000 0.025000 0.025000 0.025000 0.025000
0 2.505718e+04 0.900000 0.025000 0.025000 0.025000 0.025000
0 1.322551e+04 0.900000 0.025000 0.025000 0.025000 0.025000
0 1.837035e+05 0.900000 0.025000 0.025000 0.025000 0.025000
0 1.484005e+04 0.900000 0.025000 0.025000 0.025000 0.025000
0 6.984309e+04 0.900000 0.025000 0.025000 0.025000 0.025000
0 5.672521e+04 0.900000 0.025000 0.025000 0.025000 0.025000
0 2.029143e+04 0.900000 0.025000 0.025000 0.025000 0.025000
0 2.995646e+04 0.900000 0.025000 0.025000 0.025000 0.025000
0 1.277887e+04 0.900000 0.025000 0.025000 0.025000 0.025000
0 3.555164e+04 0.900000 0.025000 0.025000 0.025000 0.025000
0 1.065632e+05 0.900000 0.025000 0.025000 0.025000 0.025000
0 8.033992e+04 0.900000 0.025000 0.025000 0.025000 0.025000
0 2.541122e+04 0.900000 0.025000 0.025000 0.025000 0.025000
0 3.158596e+04 0.900000 0.025000 0.025000 0.025000 0.025000
0 2.305846e+04 0.900000 0.025000 0.025000 0.025000 0.025000
0 2.623092e+04 0.900000 0.025000 0.025000 0.025000 0.025000
0 1.716659e+05 0.900000 0.025000 0.025000 0.025000 0.025000
0 2.744776e+04 0.900000 0.025000 0.025000 0.025000 0.025000
0 1.226047e+04 0.900000 0.025000 0.025000 0.025000 0.025000
0 1.508707e+05 0.900000 0.025000 0.025000 0.025000 0.025000
0 1.241155e+04 0.900000 0.025000 0.025000 0.025000 0.025000
0 2.797518e+04 0.900000 0.025000 0.025000 0.025000 0.025000
0 1.054865e+04 0.900000 0.025000 0.025000 0.025000 0.025000
0 2.294399e+04 0.900000 0.025000 0.025000 0.025000 0.025000
0 1.301859e+05 0.900000 0.025000 0.025000 0.025000 0.025000
0 1.124890e+04 0.900000 0.025000 0.025000 0.025000 0.025000
0 2.803462e+04 0.900000 0.025000 0.025000 0.025000 0.025000
0 1.632232e+04 0.900000 0.025000 0.025000 0.025000 0.025000
0 1.397955e+05 0.900000 0.025000 0.025000 0.025000 0.025000
0 6.961661e+04 0.900000 0.025000 0.025000 0.025000 0.025000
0 1.091517e+05 0.900000 0.025000 0.025000 0.025000 0.025000
0 7.006588e+04 0.900000 0.025000 0.025000 0.025000 0.025000
0 1.065086e+04 0.900000 0.025000 0.025000 0.025000 0.025000
0 1.513530e+04 0.900000 0.025000 0.025000 0.025000 0.025000
0 1.775263e+04 0.900000 0.025000 0.025000 0.025000 0.025000
0 1.938681e+04 0.900000 0.025000 0.025000 0.025000 0.025000
0 5.874367e+04 0.900000 0.025000 0.025000 0.025000 0.025000
0 1.053914e+04 0.900000 0.025000 0.025000 0.025000 0.025000
0 1.567159e+04 0.900000 0.025000 0.025000 0.025000 0.025000
0 4.895408e+04 0.900000 0.025000 0.025000 0.025000 0.025000
0 1.309626e+04 0.900000 0.025000 0.025000 0.025000 0.025000
0 2.127075e+04 0.900000 0.025000 0.025000 0.025000 0.025000
0 3.679789e+04 0.900000 0.025000 0.025000 0.025000 0.025000
0 1.086187e+04 0.900000 0.025000 0.025000 0.025000 0.025000
0 4.930776e+04 0.900000 0.025000 0.025000 0.025000 0.025000
0 1.261200e+04 0.900000 0.025000 0.025000 0.025000 0.025000
0 1.112715e+04 0.900000 0.025000 0.025000 0.025000 0.025000
0 1.415000e+04 0.900000 0.025000 0.025000 0.025000 0.025000
0 2.366518e+04 0.900000 0.025000 0.025000 0.025000 0.025000
0 4.241159e+04 0.900000 0.025000 0.025000 0.025000 0.025000
0 1.403293e+04 0.900000 0.025000 0.025000 0.025000 0.025000
0 1.368837e+04 0.900000 0.025000 0.025000 0.025000 0.025000
0 1.807909e+04 0.900000 0.025000 0.025000 0.025000 0.025000
0 2.163621e+04 0.900000 0.025000 0.025000 0.025000 0.025000
0 1.585473e+04 0.900000 0.025000 0.025000 0.025000 0.025000
0 1.227169e+04 0.900000 0.025000 0.025000 0.025000 0.025000
0 1.164185e+04 0.900000 0.025000 0.025000 0.025000 0.025000
0 4.097148e+04 0.900000 0.025000 0.025000 0.025000 0.025000
0 1.318018e+04 0.900000 0.025000 0.025000 0.025000 0.025000
0 3.417982e+04 0.900000 0.025000 0.025000 0.025000 0.025000
0 6.893453e+04 0.900000 0.025000 0.025000 0.025000 0.025000
0 1.486940e+04 0.900000 0.025000 0.025000 0.025000 0.025000
0 1.428068e+05 0.900000 0.025000 0.025000 0.025000 0.025000
