373638573 1.0 0.0 0.1 0.1 0.1 0.7
179097684 2.8e-07 0.003333 0.1 0.1 0.1 0.696667
3534547045 2.8e-07 0.006667 0.1 0.1 0.1 0.693333
3373526895 2.8e-07 0.01 0.1 0.1 0.1 0.69
3921011129 2.8e-07 0.013333 0.1 0.1 0.1 0.686667
2235064901 2.8e-07 0.016667 0.1 0.1 0.1 0.683333
3150846686 2.8e-07 0.02 0.1 0.1 0.1 0.68
545239233 2.8e-07 0.023333 0.1 0.1 0.1 0.676667
2340740170 2.8e-07 0.026667 0.1 0.1 0.1 0.673333
2246051850 2.8e-07 0.03 0.1 0.1 0.1 0.67
1572835533 2.8e-07 0.033333 0.1 0.1 0.1 0.666667
1465560917 2.8e-07 0.036667 0.1 0.1 0.1 0.663333
1222799196 2.8e-07 0.04 0.1 0.1 0.1 0.66
1075699702 2.8e-07 0.043333 0.1 0.1 0.1 0.656667
4259593397 2.8e-07 0.046667 0.1 0.1 0.1 0.653333
2799798816 2.8e-07 0.05 0.1 0.1 0.1 0.65
2984600922 2.8e-07 0.053333 0.1 0.1 0.1 0.646667
3004792470 2.8e-07 0.056667 0.1 0.1 0.1 0.643333
3737780296 2.8e-07 0.06 0.1 0.1 0.1 0.64
2519559028 2.8e-07 0.063333 0.1 0.1 0.1 0.636667
4031050948 2.8e-07 0.066667 0.1 0.1 0.1 0.633333
426576124 2.8e-07 0.07 0.1 0.1 0.1 0.63
2555962951 2.8e-07 0.073333 0.1 0.1 0.1 0.626667
3800257563 2.8e-07 0.076667 0.1 0.1 0.1 0.623333
476505668 2.8e-07 0.08 0.1 0.1 0.1 0.62
1403705120 2.8e-07 0.083333 0.1 0.1 0.1 0.616667
618276123 2.8e-07 0.086667 0.1 0.1 0.1 0.613333
2935961177 2.8e-07 0.09 0.1 0.1 0.1 0.61
3566598471 2.8e-07 0.093333 0.1 0.1 0.1 0.606667
3254190029 2.8e-07 0.096667 0.1 0.1 0.1 0.603333
4265736471 2.8e-07 0.1 0.1 0.1 0.1 0.6
1841565964 2.8e-07 0.103333 0.1 0.1 0.1 0.596667
2336633884 2.8e-07 0.106667 0.1 0.1 0.1 0.593333
1195942967 2.8e-07 0.11 0.1 0.1 0.1 0.59
1339058991 2.8e-07 0.113333 0.1 0.1 0.1 0.586667
3797498053 2.8e-07 0.116667 0.1 0.1 0.1 0.583333
1765659469 2.8e-07 0.12 0.1 0.1 0.1 0.58
4065636955 2.8e-07 0.123333 0.1 0.1 0.1 0.576667
2913775201 2.8e-07 0.126667 0.1 0.1 0.1 0.573333
2326491807 2.8e-07 0.13 0.1 0.1 0.1 0.57
3215170105 2.8e-07 0.133333 0.1 0.1 0.1 0.566667
1419646787 2.8e-07 0.136667 0.1 0.1 0.1 0.563333
2979038906 2.8e-07 0.14 0.1 0.1 0.1 0.56
3692998284 2.8e-07 0.143333 0.1 0.1 0.1 0.556667
840305171 2.8e-07 0.146667 0.1 0.1 0.1 0.553333
1284702334 2.8e-07 0.15 0.1 0.1 0.1 0.55
3745730420 2.8e-07 0.153333 0.1 0.1 0.1 0.546667
992827008 2.8e-07 0.156667 0.1 0.1 0.1 0.543333
1409721990 2.8e-07 0.16 0.1 0.1 0.1 0.54
3529656148 2.8e-07 0.163333 0.1 0.1 0.1 0.536667
3602186726 2.8e-07 0.166667 0.1 0.1 0.1 0.533333
553910352 2.8e-07 0.17 0.1 0.1 0.1 0.53
4154945448 2.8e-07 0.173333 0.1 0.1 0.1 0.526667
2519395263 2.8e-07 0.176667 0.1 0.1 0.1 0.523333
3350642606 2.8e-07 0.18 0.1 0.1 0.1 0.52
1871268885 2.8e-07 0.183333 0.1 0.1 0.1 0.516667
4117345376 2.8e-07 0.186667 0.1 0.1 0.1 0.513333
3976971168 2.8e-07 0.19 0.1 0.1 0.1 0.51
3787505255 2.8e-07 0.193333 0.1 0.1 0.1 0.506667
2496481992 2.8e-07 0.196667 0.1 0.1 0.1 0.503333
1680834133 2.8e-07 0.2 0.1 0.1 0.1 0.5
911086557 2.8e-07 0.203333 0.1 0.1 0.1 0.496667
989064270 2.8e-07 0.206667 0.1 0.1 0.1 0.493333
2625687710 2.8e-07 0.21 0.1 0.1 0.1 0.49
1077134243 2.8e-07 0.213333 0.1 0.1 0.1 0.486667
3438397265 2.8e-07 0.216667 0.1 0.1 0.1 0.483333
1327972213 2.8e-07 0.22 0.1 0.1 0.1 0.48
2387713422 2.8e-07 0.223333 0.1 0.1 0.1 0.476667
4244855866 2.8e-07 0.226667 0.1 0.1 0.1 0.473333
385335460 2.8e-07 0.23 0.1 0.1 0.1 0.47
3976144466 2.8e-07 0.233333 0.1 0.1 0.1 0.466667
2876811120 2.8e-07 0.236667 0.1 0.1 0.1 0.463333
1842952312 2.8e-07 0.24 0.1 0.1 0.1 0.46
2224401789 2.8e-07 0.243333 0.1 0.1 0.1 0.456667
3551407810 2.8e-07 0.246667 0.1 0.1 0.1 0.453333
677559114 2.8e-07 0.25 0.1 0.1 0.1 0.45
663028022 2.8e-07 0.253333 0.1 0.1 0.1 0.446667
477918547 2.8e-07 0.256667 0.1 0.1 0.1 0.443333
678455334 2.8e-07 0.26 0.1 0.1 0.1 0.44
3093059800 2.8e-07 0.263333 0.1 0.1 0.1 0.436667
524873874 2.8e-07 0.266667 0.1 0.1 0.1 0.433333
3217807802 2.8e-07 0.27 0.1 0.1 0.1 0.43
1171799715 2.8e-07 0.273333 0.1 0.1 0.1 0.426667
1616867882 2.8e-07 0.276667 0.1 0.1 0.1 0.423333
2697778134 2.8e-07 0.28 0.1 0.1 0.1 0.42
1375124800 2.8e-07 0.283333 0.1 0.1 0.1 0.416667
2698382728 2.8e-07 0.286667 0.1 0.1 0.1 0.413333
3467412327 2.8e-07 0.29 0.1 0.1 0.1 0.41
1124608856 2.8e-07 0.293333 0.1 0.1 0.1 0.406667
2691654152 2.8e-07 0.296667 0.1 0.1 0.1 0.403333
3978148241 2.8e-07 0.3 0.1 0.1 0.1 0.4
2108250894 2.8e-07 0.303333 0.1 0.1 0.1 0.396667
2948742794 2.8e-07 0.306667 0.1 0.1 0.1 0.393333
800128519 2.8e-07 0.31 0.1 0.1 0.1 0.39
3698336167 2.8e-07 0.313333 0.1 0.1 0.1 0.386667
517571060 2.8e-07 0.316667 0.1 0.1 0.1 0.383333
1266417014 2.8e-07 0.32 0.1 0.1 0.1 0.38
3402409865 2.8e-07 0.323333 0.1 0.1 0.1 0.376667
2817111613 2.8e-07 0.326667 0.1 0.1 0.1 0.373333
889615809 2.8e-07 0.33 0.1 0.1 0.1 0.37
3878109167 2.8e-07 0.333333 0.1 0.1 0.1 0.366667
1517469863 2.8e-07 0.336667 0.1 0.1 0.1 0.363333
9767674 2.8e-07 0.34 0.1 0.1 0.1 0.36
1395669071 2.8e-07 0.343333 0.1 0.1 0.1 0.356667
1190069553 2.8e-07 0.346667 0.1 0.1 0.1 0.353333
1016777852 2.8e-07 0.35 0.1 0.1 0.1 0.35
772705497 2.8e-07 0.353333 0.1 0.1 0.1 0.346667
884739557 2.8e-07 0.356667 0.1 0.1 0.1 0.343333
3096677396 2.8e-07 0.36 0.1 0.1 0.1 0.34
1753741916 2.8e-07 0.363333 0.1 0.1 0.1 0.336667
45223945 2.8e-07 0.366667 0.1 0.1 0.1 0.333333
1634465802 2.8e-07 0.37 0.1 0.1 0.1 0.33
1382979523 2.8e-07 0.373333 0.1 0.1 0.1 0.326667
216362297 2.8e-07 0.376667 0.1 0.1 0.1 0.323333
1131906661 2.8e-07 0.38 0.1 0.1 0.1 0.32
3776967791 2.8e-07 0.383333 0.1 0.1 0.1 0.316667
1478734071 2.8e-07 0.386667 0.1 0.1 0.1 0.313333
1252744541 2.8e-07 0.39 0.1 0.1 0.1 0.31
4114924024 2.8e-07 0.393333 0.1 0.1 0.1 0.306667
2944728812 2.8e-07 0.396667 0.1 0.1 0.1 0.303333
2227118822 2.8e-07 0.4 0.1 0.1 0.1 0.3
2958006847 2.8e-07 0.403333 0.1 0.1 0.1 0.296667
2177874257 2.8e-07 0.406667 0.1 0.1 0.1 0.293333
3765975014 2.8e-07 0.41 0.1 0.1 0.1 0.29
1308382238 2.8e-07 0.413333 0.1 0.1 0.1 0.286667
3339114227 2.8e-07 0.416667 0.1 0.1 0.1 0.283333
863207375 2.8e-07 0.42 0.1 0.1 0.1 0.28
2619529587 2.8e-07 0.423333 0.1 0.1 0.1 0.276667
922915389 2.8e-07 0.426667 0.1 0.1 0.1 0.273333
2942409093 2.8e-07 0.43 0.1 0.1 0.1 0.27
2830094496 2.8e-07 0.433333 0.1 0.1 0.1 0.266667
3306395139 2.8e-07 0.436667 0.1 0.1 0.1 0.263333
2789550989 2.8e-07 0.44 0.1 0.1 0.1 0.26
2842122376 2.8e-07 0.443333 0.1 0.1 0.1 0.256667
3440379321 2.8e-07 0.446667 0.1 0.1 0.1 0.253333
4250345338 2.8e-07 0.45 0.1 0.1 0.1 0.25
2253222822 2.8e-07 0.453333 0.1 0.1 0.1 0.246667
3282108329 2.8e-07 0.456667 0.1 0.1 0.1 0.243333
2894347955 2.8e-07 0.46 0.1 0.1 0.1 0.24
536212886 2.8e-07 0.463333 0.1 0.1 0.1 0.236667
2596834025 2.8e-07 0.466667 0.1 0.1 0.1 0.233333
968550362 2.8e-07 0.47 0.1 0.1 0.1 0.23
3258402587 2.8e-07 0.473333 0.1 0.1 0.1 0.226667
1547854946 2.8e-07 0.476667 0.1 0.1 0.1 0.223333
314797018 2.8e-07 0.48 0.1 0.1 0.1 0.22
3597930321 2.8e-07 0.483333 0.1 0.1 0.1 0.216667
1517294675 2.8e-07 0.486667 0.1 0.1 0.1 0.213333
2070756956 2.8e-07 0.49 0.1 0.1 0.1 0.21
997458048 2.8e-07 0.493333 0.1 0.1 0.1 0.206667
2376180047 2.8e-07 0.496667 0.1 0.1 0.1 0.203333
3486745209 2.8e-07 0.5 0.1 0.1 0.1 0.2
2439128220 2.8e-07 0.503333 0.1 0.1 0.1 0.196667
2417572046 2.8e-07 0.506667 0.1 0.1 0.1 0.193333
1348331916 2.8e-07 0.51 0.1 0.1 0.1 0.19
12543832 2.8e-07 0.513333 0.1 0.1 0.1 0.186667
270667227 2.8e-07 0.516667 0.1 0.1 0.1 0.183333
2132693841 2.8e-07 0.52 0.1 0.1 0.1 0.18
453172168 2.8e-07 0.523333 0.1 0.1 0.1 0.176667
3474004330 2.8e-07 0.526667 0.1 0.1 0.1 0.173333
2512341778 2.8e-07 0.53 0.1 0.1 0.1 0.17
772233796 2.8e-07 0.533333 0.1 0.1 0.1 0.166667
1730322984 2.8e-07 0.536667 0.1 0.1 0.1 0.163333
3840794113 2.8e-07 0.54 0.1 0.1 0.1 0.16
3464984866 2.8e-07 0.543333 0.1 0.1 0.1 0.156667
3011922756 2.8e-07 0.546667 0.1 0.1 0.1 0.153333
2372323836 2.8e-07 0.55 0.1 0.1 0.1 0.15
4166033149 2.8e-07 0.553333 0.1 0.1 0.1 0.146667
3720549997 2.8e-07 0.556667 0.1 0.1 0.1 0.143333
3070799876 2.8e-07 0.56 0.1 0.1 0.1 0.14
604456977 2.8e-07 0.563333 0.1 0.1 0.1 0.136667
4110009238 2.8e-07 0.566667 0.1 0.1 0.1 0.133333
163600718 2.8e-07 0.57 0.1 0.1 0.1 0.13
2709912243 2.8e-07 0.573333 0.1 0.1 0.1 0.126667
852663273 2.8e-07 0.576667 0.1 0.1 0.1 0.123333
3996887072 2.8e-07 0.58 0.1 0.1 0.1 0.12
1116253441 2.8e-07 0.583333 0.1 0.1 0.1 0.116667
1891204688 2.8e-07 0.586667 0.1 0.1 0.1 0.113333
2278246680 2.8e-07 0.59 0.1 0.1 0.1 0.11
583839708 2.8e-07 0.593333 0.1 0.1 0.1 0.106667
4291431302 2.8e-07 0.596667 0.1 0.1 0.1 0.103333
3113433014 2.8e-07 0.6 0.1 0.1 0.1 0.1
528407841 2.8e-07 0.603333 0.1 0.1 0.1 0.096667
2067528176 2.8e-07 0.606667 0.1 0.1 0.1 0.093333
2608121918 2.8e-07 0.61 0.1 0.1 0.1 0.09
4037351690 2.8e-07 0.613333 0.1 0.1 0.1 0.086667
2117997665 2.8e-07 0.616667 0.1 0.1 0.1 0.083333
3890430016 2.8e-07 0.62 0.1 0.1 0.1 0.08
2771373570 2.8e-07 0.623333 0.1 0.1 0.1 0.076667
2826853669 2.8e-07 0.626667 0.1 0.1 0.1 0.073333
2465211769 2.8e-07 0.63 0.1 0.1 0.1 0.07
147769918 2.8e-07 0.633333 0.1 0.1 0.1 0.066667
2840369738 2.8e-07 0.636667 0.1 0.1 0.1 0.063333
2006031628 2.8e-07 0.64 0.1 0.1 0.1 0.06
2235967333 2.8e-07 0.643333 0.1 0.1 0.1 0.056667
1010029466 2.8e-07 0.646667 0.1 0.1 0.1 0.053333
3599324218 2.8e-07 0.65 0.1 0.1 0.1 0.05
3907769384 2.8e-07 0.653333 0.1 0.1 0.1 0.046667
1217775382 2.8e-07 0.656667 0.1 0.1 0.1 0.043333
4175738114 2.8e-07 0.66 0.1 0.1 0.1 0.04
2426998245 2.8e-07 0.663333 0.1 0.1 0.1 0.036667
2443618263 2.8e-07 0.666667 0.1 0.1 0.1 0.033333
1068020906 0.0009543 0.67 0.1 0.1 0.1 0.03