17.004282 -9.039266 1.548634
-2.239706 -42.735149 1.466237
7.846686 -20.754018 1.569009
17.680647 -41.361573 1.472875
5.981491 30.914876 1.448059
38.934400 -29.545897 1.477257
-16.061319 -42.580202 1.405706
47.403181 5.268833 1.560803
27.392844 -8.477817 1.543490
-25.673439 6.517495 1.599071
-33.264249 27.766331 1.445369
-29.389009 -41.071297 1.560184
49.429365 -40.658290 1.410215
-40.615905 -31.523587 1.432594
47.088315 13.303339 1.492561
-12.921945 20.865884 1.460964
31.824970 -17.729924 1.587575
-25.859077 -13.511569 1.411716
-21.229450 -3.357856 1.593928
42.488800 9.261360 1.468980
8.217521 11.869840 1.431391
29.955144 -43.895054 1.459325
30.620471 38.254642 1.465142
32.727916 -41.915478 1.404286
-46.494365 -30.792045 1.408943
-3.750890 -41.205986 1.444898
-15.031202 -29.414833 1.438168
21.532533 -2.715881 1.511583
-17.679024 -31.359617 1.505359
6.650855 -19.087850 1.525681
39.684471 -23.090130 1.578600
-18.180377 42.397138 1.497439
25.758959 30.821829 1.423158
27.803923 0.529048 1.470496
27.460519 28.945646 1.454562
40.162430 9.968846 1.578851
-21.987153 -38.073728 1.551217
-0.750273 -9.833237 1.536635
19.771231 -4.921393 1.403603
22.985646 19.753490 1.406327
32.091179 -43.554277 1.493043
-36.706218 -21.397722 1.408922
-19.694505 -5.548875 1.407068
11.703757 5.039861 1.500231
31.728666 -36.313090 1.519507
-34.494756 46.639565 1.590792
5.332944 30.786048 1.524030
45.483893 47.789891 1.510877
29.300938 -39.128356 1.528572
-42.805963 -39.812420 1.528017
-18.397532 -7.328423 1.430937
-22.249669 49.807472 1.482572
-16.804658 -35.891714 1.516979
-35.865737 4.560942 1.408424
-25.244624 13.599460 1.595437
2.021996 -16.311618 1.512094
32.308843 14.721593 1.599592
-48.956960 -19.634102 1.467644
41.791142 -16.274719 1.406025
-27.022905 26.042176 1.563136
35.803825 -45.121345 1.529220
-45.386008 -2.634635 1.487745
-23.148651 40.626733 1.531052
28.975355 -11.200521 1.463069
-34.383031 24.402341 1.593950
-7.485962 -16.570166 1.433187
12.835726 30.042715 1.505001
-47.161779 -48.013267 1.453283
39.651950 30.317806 1.414738
-17.890556 13.418231 1.422895
-37.257297 16.616278 1.510416
-30.412503 -42.943346 1.500886
-18.022218 0.583543 1.502026
47.243549 22.328405 1.435582
16.790803 3.025141 1.482857
44.535254 4.022352 1.536073
-42.749520 8.822581 1.496139
23.892677 -35.776804 1.427917
3.316812 45.656309 1.424791
21.568005 -6.538289 1.555654
-26.223688 -41.527393 1.485874
-28.145006 -33.119914 1.403848
9.703344 -15.900610 1.481863
-40.214665 12.131662 1.513457
-0.994495 -14.477469 1.577840
49.142271 34.142444 1.510891
40.047194 -26.811015 1.563611
35.548759 -32.015107 1.492525
-13.719056 23.823947 1.545050
-24.418934 -9.026930 1.492835
0.570026 -19.575862 1.505916
-2.496420 42.675916 1.412183
46.659794 11.162161 1.568715
-18.112045 -9.132479 1.453547
-38.920273 -33.026321 1.412586
-36.804457 27.495069 1.561611
-3.884556 12.269937 1.495516
-5.311596 27.999763 1.519283
-24.491844 -34.422696 1.530720
28.207892 -9.964136 1.568480
-28.296602 19.014965 1.489673
4.159373 6.575364 1.589198
-40.773191 24.971495 1.549888
-23.992340 -39.261094 1.523232
5.083103 31.714324 1.458298
33.606773 29.033060 1.509520
-49.499986 -46.272437 1.548722
-36.938056 -17.902011 1.549089
38.336311 18.385169 1.570806
-26.482854 2.674707 1.563147
18.269495 -44.601460 1.530561
-23.548651 17.816236 1.413689
48.703016 -48.410633 1.418173
-42.190158 10.009167 1.499348
-20.647496 -22.470269 1.586560
36.237019 35.569970 1.470378
-13.315892 -0.196334 1.482288
33.047137 23.231264 1.562696
0.198070 28.968470 1.474612
-37.782640 -12.836816 1.470220
-13.771103 49.070655 1.427324
-22.558246 -36.448035 1.456757
47.466978 -22.496665 1.509808
7.277285 9.330701 1.541333
45.426004 -25.151465 1.488140
47.942512 -30.197420 1.412106
-26.491572 -43.852926 1.463563
0.770340 47.101229 1.532126
26.300166 26.893497 1.568648
-10.698247 -5.441758 1.458976
-22.837364 -27.569856 1.469101
-24.535722 28.118877 1.421037
-5.943437 8.652889 1.443388
-8.367994 -40.874976 1.523127
-33.638368 39.956395 1.517792
0.387596 14.323455 1.491130
-30.647562 6.420500 1.402277
16.076355 -4.702422 1.538000
-22.397158 -29.029072 1.557497
12.616143 39.511247 1.534757
41.349811 -33.720881 1.439508
-33.189777 -20.585130 1.580351
-25.163136 -16.832878 1.505649
-1.974626 12.461553 1.528695
20.704618 -17.483884 1.451809
23.679723 -14.896775 1.508344
27.833439 -3.397319 1.420319
-37.785168 44.685565 1.405766
-48.247715 0.654133 1.480973
-28.498595 24.107378 1.416005
43.144877 35.951188 1.526308
-4.836172 18.454332 1.403899
24.744965 -11.369591 1.527596
-35.420223 -7.694883 1.521844
-49.002930 7.751421 1.437510
0.509701 -33.447563 1.471880
47.394606 -38.864714 1.592229
28.895110 40.109440 1.453019
23.709674 -11.502357 1.473190
-23.554229 24.077464 1.474162
11.861389 -45.633185 1.505945
32.135783 6.103112 1.413847
25.170141 34.562603 1.400821
-45.981296 -7.635784 1.559671
-47.326282 -12.824561 1.463214
-28.990814 -48.608329 1.550884
-10.041567 31.378522 1.411190
21.989282 -26.131590 1.533949
-47.679473 -48.908854 1.521646
-31.759326 21.011634 1.449234
4.330583 -15.886232 1.555319
-27.666700 5.778316 1.488723
13.438839 -33.437914 1.404784
11.126937 10.425473 1.527948
39.517610 -27.532592 1.599818
2.475175 0.262422 1.428841
15.448453 42.147701 1.459299
2.174231 42.295194 1.432812
29.007411 27.555782 1.476022
2.227516 37.867411 1.551165
11.111901 -42.283294 1.489380
7.736977 35.372167 1.409309
-33.015440 9.495604 1.569774
-16.451283 3.279299 1.475905
-14.230800 22.940751 1.442805
38.431566 19.328482 1.437800
44.327543 13.007733 1.460036
-38.944187 -34.954993 1.460896
20.766320 19.539001 1.475109
14.310256 12.470288 1.477305
5.999906 40.412562 1.536653
-45.048589 -31.629469 1.556370
12.561494 21.036726 1.456221
-31.981549 -13.890652 1.407699
-30.251686 -40.094983 1.488217
-0.307979 23.801769 1.517472
33.616315 -10.596025 1.479198
-18.918348 39.327577 1.525160
7.365416 -9.460828 1.449147
0.109314 37.233531 1.425711
-46.131800 -37.166852 1.447678
10.469821 -33.719506 1.474350
-32.822381 -45.751964 1.431221
-5.478978 14.820724 1.543755
-3.802160 -2.909590 1.479209
-29.303289 -0.383069 1.559288
14.901096 42.727262 1.505269
-34.638580 29.386373 1.535260
49.496607 -10.523525 1.401215
-17.079101 -48.443831 1.577804
-4.073646 34.237303 1.406922
34.289509 3.774702 1.463636
-46.003315 22.281041 1.417860
-32.680156 44.612954 1.461455
-40.374533 25.217003 1.436814
12.260319 -40.813163 1.463702
46.251700 -47.677677 1.577665
-2.064861 -4.124456 1.424848
-18.946770 -38.369741 1.561559
13.917832 17.001080 1.563340
40.992292 -42.553624 1.445655
25.569801 -48.355020 1.401820
-42.748388 27.843789 1.475644
2.069869 -11.719378 1.435208
-32.487222 -12.742256 1.428557
-20.309793 -46.693366 1.458409
41.306600 40.021010 1.554774
-7.023149 -38.072459 1.466983
-37.488580 29.435543 1.530594
36.442553 -10.015426 1.403712
22.437130 0.846957 1.455084
2.987881 17.320376 1.575436
8.585261 -7.525047 1.553023
-20.324765 1.681819 1.437314
-49.507813 22.192906 1.531790
0.087611 -27.526930 1.499832
8.789240 20.752614 1.429586
-5.268846 46.505854 1.559452
25.483111 -5.356532 1.544026
-33.648445 -29.414063 1.438413
38.277143 23.947125 1.469981
-26.049468 -13.415774 1.573888
-40.382978 -16.708725 1.564825
47.447956 -42.196023 1.516817
-46.028908 -7.864040 1.446476
-42.441342 -11.640850 1.435286
9.548848 -12.511489 1.501703
-32.361280 3.963487 1.453046
-32.430051 48.130838 1.467995
-39.210527 -11.331415 1.448833
5.046887 23.022368 1.452716
44.330377 -39.359418 1.476271
-18.218648 -0.819280 1.423330
7.208152 47.414616 1.520029
46.211611 -21.460763 1.444519
49.522315 21.550756 1.574746
46.264875 -26.250125 1.479524
12.803707 -8.088261 1.403377
15.058224 -16.437394 1.534587
22.375713 -31.387754 1.547126
-29.638857 -40.269808 1.556506
27.289401 -47.041572 1.585901
-2.261078 -1.940454 1.444577
-9.743658 38.332692 1.428222
47.855980 15.456555 1.435534
-32.121129 40.188815 1.458473
24.958087 -29.428214 1.502964
26.417454 -1.852268 1.594972
-20.943389 4.459827 1.489260
-14.512070 -4.363940 1.445349
-15.083707 -11.863012 1.496300
-21.974044 -17.750476 1.534076
44.088996 3.757551 1.565984
38.092046 13.022477 1.458807
44.847191 46.734939 1.523922
-14.216943 -44.162935 1.593138
-48.850320 -27.330582 1.421345
14.841786 45.892784 1.508763
-37.449364 -11.465205 1.432029
40.598777 43.641551 1.582195
-14.362046 17.089532 1.472138
14.793958 42.044049 1.552975
20.899598 -40.448461 1.525314
29.812988 -33.104018 1.548098
43.611015 -29.677873 1.404889
-24.019610 2.418896 1.400131
-4.523468 -25.921137 1.523676
31.137160 22.249184 1.553751
40.738046 -15.659671 1.427652
49.845663 -43.946000 1.493431
37.870160 -16.225257 1.445305
-31.434812 -24.885546 1.430867
-0.756752 -18.735600 1.436747
-21.872815 -16.405021 1.508440
14.431290 46.691577 1.535544
-41.550584 -40.662836 1.483884
-14.133571 -42.932914 1.519649
7.932105 14.881505 1.419278
29.392770 4.290359 1.509105
-41.389726 -37.120274 1.417455
-27.842091 -42.020535 1.474465
-29.083479 -6.038594 1.492824
9.102466 -14.859670 1.521760
-16.957720 -8.391897 1.425999
46.327708 29.795533 1.445586
-12.093026 -47.489330 1.451594
48.509955 6.819718 1.419694
23.321137 -41.651121 1.581667
35.795912 21.886727 1.593197
-36.021864 -19.466491 1.582606
3.965046 40.529730 1.455369
8.005064 41.102953 1.499569
23.269363 -11.816596 1.458380
-19.931345 13.883021 1.502853
2.590479 38.173976 1.423679
4.316515 47.659587 1.535204
15.817138 38.637213 1.435287
19.355289 4.337054 1.423949
37.837334 32.066582 1.510488
-40.804366 1.017986 1.410437
-14.274469 -11.005201 1.444863
-49.289955 -16.269976 1.474462
44.528351 -11.998876 1.416931
-4.388204 47.455996 1.599663
37.319623 30.910377 1.419009
-8.821522 36.671815 1.432388
-29.223320 43.656542 1.510355
-27.429996 -15.948272 1.519035
-14.438579 30.796004 1.476139
30.038764 -38.490447 1.455754
18.194287 -8.612532 1.566280
8.898349 -45.450022 1.505981
27.795665 -38.259088 1.590160
-6.276360 13.215231 1.527613
0.027619 -35.810604 1.418880
15.161755 23.616502 1.505211
-13.262540 -3.508859 1.452503
-6.738869 39.821883 1.431940
-16.367526 10.991902 1.531807
37.203252 -24.939998 1.413613
-2.871050 46.256191 1.545300
-16.439329 4.191589 1.562949
-36.637680 30.504523 1.514625
-40.224977 38.808105 1.516984
-0.725339 9.229705 1.463497
5.076418 19.355836 1.415312
-22.975050 -41.659762 1.531491
-34.798523 41.217148 1.501672
9.895249 9.447904 1.522378
6.835798 -10.736512 1.476859
20.438446 8.964230 1.482679
5.557221 0.208101 1.508298
-47.276614 21.954767 1.424733
-33.594716 -26.386446 1.421376
18.857100 31.273205 1.448661
8.093457 26.734889 1.409260
-16.723410 29.653194 1.570525
34.279155 29.749903 1.406792
22.905424 -28.545231 1.459951
-7.239292 29.227463 1.408124
-44.095951 -20.652985 1.444031
-5.521641 -2.217140 1.588095
26.161958 4.031013 1.463293
-17.955775 17.289823 1.408812
-20.479603 -0.681442 1.436413
8.135363 31.039250 1.552552
41.858145 9.851379 1.498459
-45.522447 4.225867 1.473217
16.193289 -39.397010 1.531597
-10.646622 -37.771330 1.532592
-26.804288 0.338624 1.426420
34.878577 4.239819 1.563131
-2.197111 -26.851674 1.562094
-37.204599 2.309269 1.568175
49.383933 -4.234094 1.448288
-43.635919 11.112688 1.516291
17.605935 2.948350 1.585829
-11.918158 -8.473231 1.454911
27.800367 40.775502 1.581126
-10.546829 39.448560 1.400184
37.984014 -2.676408 1.565347
-24.348479 -24.889434 1.514225
26.069511 -49.727119 1.453567
40.775513 14.050783 1.503734
-7.505787 -49.755141 1.553376
24.042620 -15.690599 1.503706
-37.319294 -25.366177 1.443077
-18.306784 17.886158 1.582110
-19.735622 3.407764 1.437807
12.816883 13.345553 1.443170
-47.942519 30.075329 1.403998
29.467641 -37.356251 1.425041
-45.162921 46.791044 1.469293
-20.566867 32.660090 1.410313
40.756798 -0.501172 1.476204
-0.289992 26.109369 1.508266
-8.336900 -18.275430 1.518773
-17.178166 -13.434237 1.518779
31.322627 39.392665 1.455277
-31.852796 -49.941815 1.457496
-42.238455 -1.708982 1.505020
9.184035 -43.927089 1.597929
12.695580 -25.380594 1.451910
-49.291534 -42.813890 1.418040
40.541892 -12.419892 1.429825
-6.520972 2.025025 1.413708
41.155784 5.261144 1.580812
-44.230182 23.331117 1.515543
-20.375338 -48.301797 1.503579
14.692296 33.420070 1.447207
46.992688 6.106758 1.435102
-42.961497 46.123898 1.419196
26.505897 -15.396999 1.452535
-10.844979 28.439548 1.468897
-28.498184 31.027454 1.592210
-5.823315 27.547016 1.599043
-23.678248 39.688365 1.554665
-20.608670 30.083791 1.570895
23.329629 1.071331 1.442922
32.459376 44.734766 1.412238
-10.229311 -24.029644 1.410316
-25.378503 -36.491877 1.428559
3.019048 41.145531 1.553649
-26.109180 -16.986408 1.539336
-10.925563 -25.939479 1.403819
13.649013 -1.042932 1.403616
-48.791816 -44.048245 1.572713
-20.317464 24.382071 1.400783
-34.961239 6.448155 1.440620
40.607760 -5.385438 1.591869
17.095464 23.460099 1.419679
-24.014178 -6.281811 1.594870
-25.316622 3.526942 1.507460
-18.234019 40.836966 1.592432
40.429329 -4.264654 1.445151
33.703692 -42.042792 1.539911
13.476724 3.299837 1.408365
-17.048841 -39.865226 1.494569
26.794909 42.033604 1.531276
-20.574983 -3.735526 1.428389
-37.963969 39.569516 1.400322
43.052870 -10.417286 1.435276
16.208438 15.212000 1.447366
20.186175 -30.957229 1.413061
0.428767 6.279371 1.572131
-25.799768 -16.693526 1.594881
-47.625820 -47.157719 1.421225
34.292681 -42.915202 1.401802
-22.693835 -15.288756 1.554905
-25.706013 -40.968340 1.515414
40.055860 18.836934 1.573987
-26.268263 9.309062 1.470278
2.491432 -26.503375 1.474538
11.569021 40.530787 1.541806
-22.336457 -8.829751 1.467088
-1.446208 -6.410968 1.535983
-40.846788 -11.957992 1.466946
27.909872 -18.774721 1.524903
-23.654106 45.445697 1.470261
45.127408 -43.655791 1.593049
34.979628 2.608906 1.581672
-30.193035 45.652661 1.423003
11.104432 32.182526 1.529286
-27.235753 48.705835 1.457576
-15.718162 24.856791 1.411564
-36.224357 -22.774121 1.434435
10.872027 26.159806 1.453065
42.292860 16.097356 1.445653
10.884402 34.139308 1.529799
-0.498331 24.545587 1.558349
46.297212 17.241914 1.486923
47.315267 27.691796 1.554088
-37.927442 -46.523035 1.428245
-29.054929 -26.199981 1.471026
13.224408 -37.379997 1.506388
-20.837188 -10.616920 1.513009
-28.394555 -27.292331 1.592672
10.827756 -17.911902 1.563716
1.339425 11.710231 1.423650
20.990208 -17.577878 1.467404
5.466257 -28.615218 1.454656
0.850954 1.990536 1.422713
-13.467453 -47.478390 1.558121
47.467934 -6.433825 1.544149
5.102634 -40.032097 1.439106
-22.259147 -9.489666 1.570768
-0.643700 -18.659063 1.503941
8.409238 34.065893 1.598647
-44.597698 46.493618 1.502184
-37.351177 38.763885 1.480922
23.236714 39.446132 1.554515
-40.200533 49.646316 1.501231
-47.267711 -28.421488 1.558692
-12.837572 38.928861 1.426118
8.631199 -35.441980 1.596489
-26.861469 39.298828 1.499742
-35.205771 -3.386525 1.426549
-17.875217 -28.767861 1.534384
41.154851 -10.413508 1.513859
-39.071792 20.399127 1.511834
23.305030 -12.354277 1.496368
-49.733402 30.705188 1.542425
20.041822 42.896476 1.424951
-23.701045 -43.464064 1.585159
-39.536686 6.915202 1.470926
28.321880 5.835577 1.402425
26.183695 -30.634852 1.451599
-6.493900 -42.974911 1.577421
-46.812230 26.842991 1.526878
2.337014 -21.812729 1.579351
44.537842 47.517399 1.516232
47.025917 -35.408228 1.454499
-36.758379 1.915872 1.418850
28.091313 30.701189 1.449492
-13.978464 -36.042099 1.572069
23.259706 25.875463 1.451352
23.626572 -8.208737 1.550517
22.211468 8.135978 1.479174
-25.564237 41.877002 1.511679
-36.920427 -21.614454 1.595519
-32.212901 -2.221864 1.537050
34.079086 -32.794082 1.402483
16.504815 -3.581020 1.501341
-38.493192 44.924332 1.476779
22.160389 49.660751 1.460566
45.542306 29.532781 1.431821
46.774075 31.886226 1.540669
47.138888 -36.716175 1.530479
39.700294 42.834245 1.570506
2.292133 23.875541 1.548263
-11.968881 39.019149 1.453261
43.590443 24.571917 1.573836
-8.918097 13.539181 1.519821
-12.859712 -33.172735 1.424755
-26.227236 -1.151805 1.500729
-20.096054 45.616385 1.546510
-6.519034 34.599156 1.533703
33.471660 -41.807546 1.486011
42.352693 21.706759 1.424637
26.036495 -4.629221 1.474872
40.605717 -39.719720 1.428999
43.763059 25.725607 1.551815
4.042914 49.258328 1.418471
-11.866807 -45.428970 1.549996
-6.093708 -16.942298 1.446731
28.307564 -34.778320 1.532142
-44.264991 38.295145 1.414969
-29.663671 42.688801 1.404982
12.151898 36.945890 1.437996
1.391137 -19.162071 1.501033
2.014051 -49.852174 1.559421
-1.717171 39.499894 1.458045
38.113103 -33.073801 1.565962
-21.309964 43.430029 1.464449
40.874745 -18.156972 1.428792
45.211230 -34.853757 1.522969
11.034700 -39.802184 1.455537
34.118112 23.101054 1.410122
32.108038 39.799422 1.402854
-1.915651 3.660263 1.557508
-12.383761 -33.864977 1.444874
-41.681291 -37.451902 1.406310
-40.063900 46.027496 1.505045
19.017604 28.864596 1.483641
-7.032281 8.451657 1.506672
9.078419 -19.010248 1.595797
-10.838465 37.921062 1.563517
39.919145 21.068921 1.581723
36.123308 24.441817 1.497351
-14.023900 0.320269 1.483650
-29.206865 20.216952 1.503152
-21.779441 -47.064587 1.474071
19.936911 -20.340691 1.532235
-16.088638 -1.743112 1.516177
-2.881529 -29.851205 1.556725
-39.006105 24.391470 1.596166
41.143326 -4.117712 1.493626
-19.525199 39.980461 1.416318
37.036998 -19.176093 1.569377
-5.319922 -11.926328 1.448746
0.806051 47.297661 1.448873
-26.234074 -16.087516 1.403583
19.430391 -33.424547 1.493083
-1.970056 -10.737503 1.560617
-47.607884 -45.708671 1.421544
-38.114070 16.827041 1.432502
-38.797205 35.372723 1.453300
1.324390 -40.977405 1.560603
-47.923937 42.384246 1.521584
-22.291107 -46.628258 1.405824
44.630279 1.103351 1.470328
44.906695 46.815013 1.495419
-20.654919 -47.231204 1.495288
-20.476591 49.937949 1.558958
-38.570967 37.751616 1.430399
11.805817 20.371821 1.502476
-19.859281 25.066101 1.433539
-27.320387 26.263222 1.548614
-49.789463 -11.501233 1.420997
3.485518 -18.895502 1.548213
10.006527 -20.301069 1.473709
42.416121 -12.248614 1.544590
-30.430442 -44.440134 1.570120
-1.734750 44.062280 1.587409
8.705319 10.303129 1.584838
-3.676355 11.495200 1.501585
-5.120281 43.430702 1.539119
17.414400 -16.183679 1.473144
-26.481545 24.669153 1.436131
37.091799 1.860782 1.528825
43.166543 0.080061 1.439526
42.528648 -21.011961 1.438726
-6.794183 10.161132 1.595666
-15.442312 -38.937456 1.435559
2.765431 -21.405874 1.574092
34.252126 -24.512135 1.503091
-21.234065 19.063259 1.492009
16.865945 -34.069653 1.590503
-14.331298 33.869390 1.538856
-12.928141 16.741520 1.444778
-42.033071 -49.830122 1.456256
-16.298684 -31.975667 1.528280
-44.539596 23.002233 1.574834
-20.727423 34.207798 1.558694
1.305460 40.865814 1.472847
-36.027847 -20.031423 1.435073
-15.201751 4.163338 1.570863
-7.933322 -35.338069 1.458479
-21.002398 12.691357 1.514926
-6.074654 3.292384 1.559209
22.232849 -32.509234 1.449979
-19.723483 7.417731 1.413040
-3.682161 13.918376 1.465855
4.871677 -21.724982 1.518455
27.758802 42.177346 1.565534
43.624169 -8.592333 1.428018
-15.710412 -44.902251 1.403085
48.446346 37.738459 1.508804
2.213496 2.232651 1.456269
7.263252 -26.530242 1.586470
4.119957 44.112338 1.592052
-2.494873 -31.324102 1.491213
-21.088577 -35.708192 1.428747
9.515688 30.172756 1.598403
-29.420905 22.843540 1.559796
-20.270147 19.640582 1.406509
-34.419033 19.304253 1.428914
24.197409 -14.142063 1.523077
-25.452240 24.207247 1.590878
6.446626 48.449730 1.474885
-45.011897 -14.946008 1.459562
-19.562766 8.588121 1.596484
42.229069 43.958335 1.477350
-0.342330 46.464596 1.460282
-20.544951 1.015985 1.580115
-1.962750 12.057448 1.536693
-37.216354 4.730229 1.476755
12.592917 49.153863 1.430473
18.606008 11.172809 1.558921
-10.957575 36.034418 1.477715
-21.559147 -44.582253 1.463913
37.087643 32.015915 1.432505
-11.123163 -47.008403 1.536271
-0.741116 44.068401 1.419445
-26.514796 -34.170396 1.575474
-18.978043 36.033996 1.561379
-16.084403 -30.563066 1.407120
38.826162 -48.699342 1.443594
15.161824 24.774804 1.451134
22.605524 31.039740 1.445594
-35.630964 -49.606729 1.441968
-7.583446 45.029518 1.477913
7.326520 36.815070 1.468030
-27.199795 -46.946627 1.523500
32.852201 46.944825 1.440078
40.560493 0.201298 1.465389
39.209940 1.465494 1.587561
-26.096084 3.113009 1.490827
6.036499 -44.565515 1.403651
8.200192 20.620117 1.424970
-38.562019 -11.855307 1.411543
-45.276072 45.059230 1.527848
48.916570 40.799876 1.412165
-30.609817 40.799382 1.489502
45.235705 -23.511528 1.547237
11.180863 16.769122 1.484934
10.810487 -8.148111 1.463984
-30.583983 -25.006174 1.583278
-35.671679 -33.906890 1.518889
11.570813 -29.345518 1.540168
-2.133263 46.251555 1.529902
6.005108 27.844846 1.416184
14.749215 -9.942467 1.446105
12.848752 48.979134 1.499654
26.354376 37.996361 1.594670
-9.747342 -23.584846 1.569819
9.520127 4.770577 1.523313
-47.799033 41.650490 1.417402
-44.238457 -15.742682 1.549313
38.133711 13.285301 1.537154
32.270921 -22.625831 1.471845
36.866970 23.161351 1.565354
25.393576 -10.169333 1.522949
-46.291758 -25.573216 1.583744
-32.889067 33.454043 1.525591
22.411816 -24.605432 1.523038
-36.011181 -39.917841 1.526281
-17.540453 -2.398044 1.436230
-21.473460 -4.449698 1.464308
-27.485440 -47.794145 1.418713
-28.767891 -1.936749 1.581774
-6.163093 16.894246 1.576882
-12.038435 -29.970408 1.472848
-29.445871 3.248405 1.570774
41.513821 22.790549 1.443865
43.219187 -15.128545 1.448385
-41.002751 -33.243848 1.593999
33.947223 -49.024632 1.430536
21.278703 31.163889 1.428600
-4.040082 -1.663828 1.431647
-19.474810 -13.131252 1.485360
-35.246321 15.075239 1.424931
-11.277202 -35.940049 1.439087
4.390687 -5.728143 1.595802
27.440307 -10.757130 1.439864
22.873192 29.729924 1.478754
22.071150 49.825520 1.497914
3.620704 -46.825372 1.437888
-22.133608 0.442354 1.447210
-26.332698 26.350086 1.523895
-29.164262 36.254607 1.512358
-21.890887 -20.137803 1.555210
-42.941933 -25.073894 1.501400
-48.921707 -27.122381 1.446456
-28.078125 -9.052933 1.449164
-38.735569 -28.709476 1.507272
43.378838 -31.874280 1.532507
5.215879 -36.725617 1.576706
23.218728 37.158098 1.472205
6.338338 28.454169 1.511154
-14.581421 30.058799 1.446070
-6.592335 2.618283 1.582465
1.113655 17.201535 1.572895
-2.948554 43.648596 1.569219
44.577115 7.569121 1.426817
-29.726991 -21.533847 1.543916
30.294180 -45.708908 1.421300
-22.883916 -9.982948 1.560010
-37.242176 -29.258382 1.529098
-4.396426 9.265011 1.429923
32.752126 -35.022540 1.551439
-26.354920 -47.132081 1.410901
28.532826 -48.788626 1.493186
-34.463982 -36.148561 1.439774
-18.514723 23.047575 1.513084
-20.154181 -31.318766 1.413505
24.806009 14.597764 1.414468
-3.145242 37.924052 1.469189
-41.279730 11.572236 1.402329
-47.852569 41.865338 1.570285
-7.505934 47.770161 1.551780
40.957946 -19.797663 1.467350
26.897864 -27.592154 1.428427
32.601310 30.223855 1.569896
-30.850644 -6.765573 1.517173
28.540953 -12.197351 1.539535
21.918162 -21.443575 1.483925
40.227993 11.884854 1.551541
39.405224 -16.404117 1.452776
-3.725106 -7.849746 1.464478
-3.773522 -21.589446 1.490321
9.512390 -25.269244 1.413935
2.666576 17.138109 1.496337
-11.141962 37.043418 1.438027
-6.201620 -30.629023 1.580665
11.053613 -21.933414 1.462727
2.191339 29.831305 1.567191
-34.740943 8.978229 1.433270
-3.261042 -8.328846 1.423833
2.998138 -10.289754 1.560411
32.145714 -26.980780 1.497364
-5.731993 -37.612751 1.572098
31.250165 21.518040 1.423691
21.862320 40.007266 1.543642
29.881374 16.245266 1.524231
44.659229 -12.344576 1.444857
-3.982188 -28.641078 1.495571
-40.962934 35.969421 1.543652
13.765965 -35.433858 1.562286
-21.238306 47.784601 1.400625
46.165236 -0.876356 1.501826
-8.771576 -23.877297 1.485966
-35.546678 -33.008849 1.451349
-4.351133 -29.493791 1.414993
12.821511 -8.867380 1.450974
46.964731 36.237374 1.439813
42.510212 -30.861833 1.547367
1.386407 1.339236 1.428331
-0.082767 8.935258 1.586618
46.157979 -22.854234 1.599428
19.599706 12.255838 1.487614
-41.933615 21.735216 1.486814
18.873082 -0.115627 1.485672
43.827097 2.024343 1.472592
13.528630 -24.322174 1.494993
0.934179 0.738815 1.421613
38.424681 3.616395 1.548698
-13.446944 -2.791783 1.412775
-49.842567 -4.016470 1.496011
-49.125245 -47.990818 1.487415
-45.338971 -12.085250 1.490248
-16.239486 -37.043779 1.527414
30.229343 -35.434563 1.449893
-9.989554 5.567533 1.531228
3.998780 7.489919 1.496648
2.025601 44.278567 1.558544
-6.667375 41.428617 1.439837
-33.360573 8.853675 1.431391
29.383036 40.692632 1.408115
-39.941582 1.824519 1.575102
3.927827 14.991514 1.419466
-15.824239 42.009091 1.464402
15.891155 -17.359828 1.405347
18.922299 27.085428 1.545240
30.057791 -18.711261 1.402131
25.899647 -4.638706 1.568080
-49.770677 4.230155 1.410443
48.952420 43.323871 1.487817
-15.307421 28.173103 1.528476
0.492917 -15.550609 1.448797
-36.744746 31.046137 1.403136
-31.582985 -15.231549 1.505529
9.241882 28.307546 1.432647
46.458414 26.567381 1.443150
-34.278980 -26.815014 1.531574
13.246765 38.381209 1.483536
-5.940879 -48.358430 1.476006
-33.390941 -1.540649 1.503898
-47.721086 -48.291994 1.520711
2.191194 27.404348 1.565561
42.266030 -34.837692 1.410930
18.150751 -40.323273 1.568642
-49.972533 11.629782 1.572730
1.272226 -17.695116 1.490823
-34.146429 0.968822 1.577653
14.464563 5.903661 1.576116
-9.537690 0.044602 1.559140
13.418669 27.577772 1.525964
-22.028705 -36.445701 1.403367
15.200013 -33.383870 1.582787
-11.222175 -11.094863 1.502550
-1.711506 34.725676 1.463056
-48.506365 -46.470584 1.423682
31.264269 -41.428279 1.471617
24.917963 -3.803756 1.495020
25.086090 21.913909 1.530194
3.780164 33.216951 1.488044
27.306216 35.565492 1.418781
44.958063 10.171546 1.575265
-24.249470 39.165720 1.518989
14.752741 49.316454 1.424670
46.612406 14.710911 1.532987
-45.378008 31.822388 1.474512
-13.237175 22.796605 1.491603
-21.384076 -2.159335 1.483824
-32.016165 4.318971 1.566491
-47.766678 -14.549112 1.499076
8.021966 25.189983 1.434176
43.972262 41.801043 1.514393
-11.404994 16.269435 1.415487
7.170662 17.321453 1.480685
-28.125889 -11.820064 1.443997
-23.543808 -0.777001 1.405306
-2.292112 -23.518659 1.457456
-7.145269 9.457507 1.468058
18.911344 42.954438 1.438091
-1.854082 38.448719 1.495676
35.662426 -21.610893 1.490405
23.645105 3.285455 1.555036
-42.483939 -27.566587 1.592954
-26.336835 -43.182509 1.401133
45.315469 17.086828 1.489328
-31.752006 44.032767 1.564041
-7.447279 33.581199 1.425092
-47.903593 -15.686377 1.441219
-35.490860 5.108294 1.436412
-3.375661 -34.739551 1.566941
37.832358 48.444174 1.417671
9.072902 -11.730810 1.407235
-6.898637 -45.399932 1.528428
19.208642 39.640411 1.420077
-12.811185 -17.578185 1.404888
-41.587461 39.545851 1.502374
39.432916 49.017541 1.436576
-48.780108 -47.269060 1.492671
20.547900 48.548411 1.536154
-10.979166 -26.843802 1.460002
-46.641808 -8.864735 1.584580
-22.393871 26.211790 1.451557
3.108018 36.461816 1.501120
28.275291 22.812811 1.485226
14.539581 -33.265903 1.490599
-35.624669 -43.809087 1.515259
-8.678139 46.511088 1.499750
29.127767 -49.614209 1.400195
-48.801294 -3.340686 1.574803
-43.370410 -26.481741 1.445996
4.925874 -10.835777 1.447508
34.404188 31.195790 1.560044
13.962363 -34.564793 1.403535
28.219281 -18.544449 1.527536
-6.616176 1.924612 1.497568
5.178068 27.792765 1.429630
19.766398 13.858112 1.553002
20.745155 -36.182004 1.489537
41.854317 45.505319 1.476740
-21.532269 7.155780 1.413144
25.632532 5.969619 1.532317
22.826408 43.437301 1.538447
26.531161 9.218752 1.590501
-23.994516 24.162370 1.502208
-40.399030 13.510066 1.542665
-43.098356 45.926580 1.594935
23.674356 -5.105073 1.574529
-20.384853 -8.221914 1.415802
24.991907 38.981420 1.405181
37.177203 37.247427 1.436439
-46.863278 -31.118043 1.434100
15.982176 12.438657 1.572852
-14.658754 30.314873 1.510468
-4.932721 -4.244722 1.428627
-47.825884 -9.632049 1.487819
2.267474 9.430157 1.455551
-30.196125 -6.265907 1.427794
15.624580 2.309085 1.523452
-45.271003 30.248476 1.536932
15.437863 -35.829415 1.400661
21.686955 -7.340786 1.597989
19.826440 22.973729 1.533182
-27.208725 2.965524 1.403281
41.093961 -33.789552 1.444880
10.326498 -42.542133 1.587340
23.436772 1.825764 1.452174
-27.661836 -12.483084 1.450465
-37.881124 31.945566 1.442996
18.262983 45.957723 1.595384
36.800561 7.035787 1.492728
0.992273 -22.866835 1.467518
20.127639 -14.764715 1.458517
15.532262 -49.264708 1.555349
-8.969768 45.115073 1.548684
-23.226643 29.807712 1.515155
48.648073 28.170146 1.416446
1.847925 -41.925843 1.529987
-21.021835 -13.982078 1.555657
-5.983915 28.346524 1.438645
34.534799 26.361667 1.461255
-44.388649 -40.023822 1.504834
-19.705026 17.621355 1.524783
20.780644 -39.720316 1.585104
-25.450259 -42.495465 1.445125
-8.708704 32.814819 1.464306
-38.472880 -13.694919 1.489031
40.410552 -19.852037 1.503959
-42.846701 -24.501552 1.497931
40.703475 3.302849 1.555587
-27.889262 -34.824697 1.504407
-43.627963 44.826207 1.521146
-19.685782 41.063283 1.491073
-12.290153 39.400381 1.431962
-5.951675 -29.804975 1.584997
23.057069 20.164355 1.560454
46.969244 12.085067 1.413989
38.859743 15.695364 1.593091
27.321130 -13.775467 1.505057
17.143056 23.344778 1.521656
49.988666 -40.483653 1.554832
33.730575 9.773505 1.540290
35.285768 47.901979 1.577398
-14.676894 25.440223 1.455810
28.609742 43.931917 1.476373
-30.218443 18.621692 1.490520
-6.616872 -9.767983 1.435683
-17.173047 -27.402090 1.480588
35.343241 13.848908 1.520728
37.732170 -35.411694 1.554400
0.482906 16.198888 1.400791
-49.628770 -10.740163 1.472413
37.697006 -26.427013 1.400789
21.029389 40.938310 1.497594
19.274660 49.217652 1.531210
-36.327239 48.102291 1.558018
-15.847252 -44.756773 1.515597
21.127370 -12.289507 1.524236
-20.064195 -18.918300 1.573807
-23.031125 15.884939 1.408847
24.678934 -21.148752 1.575265
-22.481493 -46.447939 1.585331
-24.230675 -44.959669 1.564494
20.533894 13.158616 1.504409
-31.112816 -13.096774 1.549478
-19.875489 -47.347116 1.412713
34.752018 -22.835080 1.423956
-1.326733 1.601376 1.560453
42.199072 39.803193 1.518271
-45.419033 42.316909 1.503695
-30.380302 -1.743651 1.524775
-40.532698 -33.060187 1.480460
29.721447 28.363269 1.504531
-21.988590 37.768618 1.447258
15.033831 -26.395138 1.586469
-5.894665 28.358630 1.584252
-40.967504 -40.832305 1.502499
-25.854544 -37.318733 1.501756
10.646439 34.692437 1.473447
39.035037 -38.138365 1.416774
45.630670 14.665394 1.518245
48.050126 -21.528180 1.463147
-34.680575 23.583262 1.417466
-21.690697 44.461387 1.476272
-8.927965 47.689024 1.469625
20.429303 -44.696356 1.434130
3.713946 20.297068 1.422531
8.844773 -45.907459 1.541824
16.426635 -17.538415 1.545684
6.875508 -43.335829 1.505222
-20.426930 -15.419684 1.430797
32.118054 8.126625 1.434728
1.392161 -1.941710 1.568164
-31.043750 47.686053 1.403315
-11.402721 -45.535535 1.507501
22.989419 -16.830222 1.451084
-37.743081 -47.966398 1.532007
-2.833087 -15.700620 1.568469
-12.812781 -44.405414 1.480038
-28.617033 33.518098 1.440752
-23.750192 30.528402 1.406394
7.423104 -39.891854 1.427033
-32.583258 -26.822129 1.575079
42.897149 -27.614647 1.427627
3.964620 33.363906 1.567440
-17.167642 -36.562987 1.598555
22.516691 38.025190 1.497549
42.188450 -38.721768 1.519861
3.741969 -8.721422 1.547440
-48.607667 -49.061215 1.429974
22.937981 18.647115 1.551591
19.919384 -14.913490 1.416179
-39.423348 11.795564 1.537518
-44.438371 24.299165 1.530194
-0.097019 -30.603295 1.514482
8.435493 -24.666972 1.521067
46.944937 3.559548 1.428910
-13.601606 -2.197458 1.464909
-43.898207 2.838200 1.579548
-48.576019 -17.149072 1.484524
-8.206099 -19.903873 1.539293
-40.792157 6.212084 1.488989
-15.998391 15.044817 1.467359
10.018602 -17.359401 1.502035
28.137684 10.060432 1.528766
-16.899531 -30.411925 1.550680
-46.517511 -19.804860 1.475630
-23.558228 -43.140874 1.545281
38.820580 -42.508552 1.426876
44.210407 44.314286 1.515686
33.918646 -29.311696 1.561855
-4.695397 -15.535628 1.474335
34.896326 2.552840 1.491135
15.193830 -37.293010 1.474036
6.256813 -41.735690 1.524095
-38.291139 40.834477 1.495641
44.290611 -7.694569 1.456136
-4.666464 -29.253566 1.504841
35.640709 13.397768 1.484850
-11.467131 -28.078931 1.479113
40.675032 25.264302 1.534787
-26.533381 -46.538794 1.465922
-0.916715 -7.236663 1.527123
31.598082 -31.040691 1.579585
19.032590 -19.251535 1.583916
-16.492060 17.946839 1.563825
2.908338 -19.565934 1.455091
-25.987818 22.747775 1.533572
12.161777 2.990923 1.585876
20.217301 -7.820011 1.428525
-24.347803 -13.533373 1.587050
-14.845620 -10.335109 1.528287
10.843706 -49.839972 1.452878
33.550703 -13.340845 1.468087
-24.342265 -20.444189 1.425709
40.394322 7.377080 1.512136
-18.784572 -12.298975 1.595445
-41.003601 -47.521493 1.551679
-20.385777 -23.751778 1.595013
-34.560102 48.357340 1.580774
-8.919556 -10.971443 1.570238
-43.999115 6.876504 1.461366
-42.348070 -44.010479 1.559596
-6.066436 41.404322 1.501538
-2.625489 -26.597983 1.577562
-36.765276 -13.986395 1.470183
-37.118332 -47.800258 1.588723
31.569647 -8.941494 1.456881
-29.974965 10.762516 1.418980
2.977125 36.546116 1.464039
-34.300604 9.754224 1.460805
2.052180 -9.017320 1.481902
0.068827 -43.223883 1.521734
-28.700140 36.749889 1.492318
30.028029 -18.910955 1.454959
-33.919823 9.526634 1.482463
43.381442 11.894690 1.436704
-29.634480 33.294932 1.467374
41.785703 -7.696886 1.555927
7.871596 -2.083178 1.569338
10.981236 -38.362508 1.586753
-5.326764 -26.927780 1.535179
21.610481 7.347113 1.554025
-12.756396 3.255204 1.455739
-20.928818 49.357878 1.587703
-27.840337 -12.547994 1.522640
-6.942167 22.991853 1.406314
2.209451 34.236372 1.415150
-30.774262 -23.014050 1.518518
38.693927 28.830927 1.483522
-33.112336 -19.031747 1.467135
12.594553 -23.343493 1.431264
11.911469 -3.938476 1.428640
-15.172838 -9.891916 1.454125
-48.206998 -15.018313 1.546708
-5.395583 16.439716 1.517396
15.399668 22.211864 1.403994
-12.808058 34.973536 1.544008
29.988810 21.934225 1.488523
12.164603 -49.518668 1.495248
44.336449 -37.298867 1.478364
27.550968 49.127088 1.541791
-37.565657 34.007859 1.596731
44.446382 10.342561 1.485159
43.744470 13.307903 1.525729
18.681881 -13.622845 1.439237
14.341632 39.803222 1.482461
27.983060 11.296518 1.452388
37.188863 33.226757 1.537084
-9.691062 22.313273 1.443388
-16.796994 -7.072807 1.471162
12.961422 42.623179 1.561175
-21.353482 12.029994 1.572986
-49.928825 46.230801 1.504701
-14.763569 -31.311627 1.479748
49.347995 -8.250577 1.539921
-7.239808 20.555063 1.523668
-27.284339 32.122032 1.582787
-16.772636 2.305786 1.518727
15.899729 26.751805 1.467210
-21.361857 -28.728039 1.468476
36.282563 1.028016 1.405777
-28.343042 38.491159 1.523205
-9.247497 -22.690428 1.500060
8.705336 10.588009 1.467224
4.849304 2.258673 1.479116
-32.200337 8.930448 1.422087
-33.271068 13.157762 1.577601
41.446499 -8.693482 1.528062
38.063847 39.077903 1.571884
-12.672569 12.129240 1.402336
15.931557 -38.315074 1.578642
-16.015217 32.244443 1.464837
9.901180 9.130804 1.462598
40.706487 -46.078542 1.598755
-7.609636 4.851032 1.512285
-13.817977 -38.745762 1.596066
-49.760726 -28.517203 1.428474
-15.136289 4.387285 1.578755
-7.735192 -5.378390 1.581214
20.768813 -38.563314 1.534880
-4.247154 18.083593 1.570587
-15.181812 39.292383 1.441916
1.907470 -41.150788 1.586143
4.844585 22.946247 1.450847
-21.977086 31.122984 1.433435
-27.611772 28.945528 1.563509
-15.508767 44.145734 1.551822
-45.904324 -13.971382 1.510673
-36.400884 10.345557 1.590368
47.363726 42.141348 1.457044
-45.658642 15.203039 1.477509
-16.828078 -29.498607 1.462967
-49.172115 -35.733667 1.482746
-16.884903 15.437030 1.479586
-47.867099 -2.339296 1.494050
-46.129434 2.595799 1.465930
-24.010898 48.838525 1.540350
-8.659956 -47.876236 1.414059
32.747207 -17.700305 1.494718
-13.586177 -42.884800 1.473129
43.413675 -46.367160 1.522038
-4.141032 1.674798 1.434511
31.376190 39.627833 1.556974
19.341014 -35.581078 1.487485
-43.661007 -10.547043 1.401183
-47.122571 10.953720 1.566326
42.219502 -16.821899 1.538736
-36.921035 -31.833345 1.530478
29.124521 -4.178873 1.439688
-35.413146 11.258104 1.497775
39.233834 3.052936 1.529302
-0.990155 -41.541186 1.460685
16.137184 17.647586 1.441736
19.871233 -24.194508 1.440209
-24.989415 2.910004 1.570475
-24.190471 30.747139 1.445961
-28.868775 2.499917 1.462781
-17.607688 -32.409152 1.500844
36.457667 44.005041 1.550948
-23.318880 -20.423076 1.430759
-33.342868 6.417712 1.447438
-11.545981 46.697615 1.414956
40.548517 -1.067092 1.546403
-22.670038 -15.331547 1.485096
1.958580 17.847241 1.526227
-43.265983 28.616784 1.446873
49.726619 -44.706430 1.412827
-26.353162 -17.596929 1.491250
-11.327142 24.716284 1.565803
14.771965 -27.578153 1.569963
-44.273527 -5.170030 1.465361
-5.904119 -30.521361 1.493097
18.984915 -20.529308 1.538578
44.160302 2.198519 1.400393
-25.684840 14.894322 1.545366
-11.190844 15.488305 1.480449
29.323217 35.309411 1.461753
43.670978 -21.877086 1.516757
-21.444840 -23.419912 1.588100
-36.282426 1.261197 1.519414
22.541749 -40.819096 1.437141
9.383165 2.858502 1.417906
27.145647 36.894844 1.414292
45.217836 -23.823404 1.427356
-14.644618 -32.095340 1.465857
17.548830 43.184253 1.552583
-27.603626 -34.138403 1.447863
24.486169 39.034125 1.508528
39.268131 -20.520880 1.547486
2.033242 -27.307931 1.587707
1.408370 -29.526145 1.547117
-0.387670 -15.567065 1.548342
-9.551325 -29.121665 1.497413
8.027018 10.094350 1.562139
-8.969020 -42.317343 1.540063
-10.968177 -42.154792 1.407444
7.467803 11.368374 1.462116
10.049233 -2.537701 1.519481
-41.772232 34.089487 1.532408
31.330399 -29.985232 1.562218
-26.318525 -35.449670 1.436725
-35.474781 -24.641697 1.595519
-28.701991 5.629897 1.413421
-9.671221 -44.217655 1.445917
-30.751271 -36.613677 1.515616
-27.442559 -27.088062 1.507081
-28.573255 -30.697536 1.500931
-39.845012 24.890630 1.410437
-12.454838 -28.469458 1.515380
-33.191649 47.963040 1.467199
-13.629272 32.826204 1.484223
3.964991 39.603870 1.585339
36.091848 -4.303777 1.419531
24.862697 -32.655261 1.472700
-31.583883 -30.328615 1.566976
-7.463150 -33.163380 1.407476
28.555559 33.279851 1.480456
-6.103758 14.138044 1.545309
49.568269 -6.103211 1.504203
-27.014249 -28.485968 1.426340
-47.934442 -34.174731 1.580328
14.983272 23.844298 1.456627
-38.074568 -19.259707 1.428287
-20.901164 14.143252 1.561837
-35.375415 45.400630 1.498708
31.965359 41.782663 1.585552
37.792885 -14.974452 1.429153
22.709710 -17.910315 1.429487
40.180984 21.790963 1.466832
14.815329 1.239962 1.518656
41.041950 -7.940214 1.539236
18.926831 3.248523 1.559787
6.978272 -16.176660 1.488136
7.818282 1.870327 1.577161
-10.030482 17.696199 1.592284
10.230256 39.914043 1.429818
25.363789 -10.806522 1.485891
21.219686 39.259241 1.540829
-21.948539 10.912290 1.548805
-4.889083 29.176864 1.540571
-5.611482 -12.178910 1.506617
-38.132060 14.468569 1.536073
-42.004449 31.220012 1.501651
41.074985 47.281204 1.453811
-23.291052 47.282316 1.415683
-44.270791 40.817716 1.422655
16.412852 -49.193467 1.502491
8.770228 1.229349 1.448111
24.301559 36.307598 1.401201
39.796954 -32.590721 1.448958
-48.618547 -31.918072 1.428557
-17.169071 39.421016 1.435214
23.167655 -21.223212 1.599793
27.133198 27.656862 1.419435
-27.990717 -39.977682 1.400791
46.402478 -13.552530 1.489373
45.153415 -6.550720 1.588468
43.034525 -18.744930 1.452167
8.648736 -40.695435 1.431796
2.583528 21.358371 1.520536
1.014392 48.887270 1.515476
41.155587 1.952155 1.573195
-35.768991 30.565071 1.572857
24.190560 -29.258563 1.584022
31.045165 -23.911109 1.428360
-18.197295 -41.934074 1.523653
-44.735445 31.381589 1.403583
18.437224 -25.569862 1.537385
20.856133 29.019449 1.437573
-4.606406 -19.863244 1.545398
30.990674 -39.734056 1.592418
46.703079 38.645880 1.544886
31.989774 -47.872187 1.411243
-48.451964 -32.157343 1.555327
30.087210 -24.267860 1.474905
30.416953 17.729000 1.453772
15.169037 46.005264 1.478306
23.931933 23.997864 1.452799
9.273447 -41.176536 1.423440
-19.186948 24.962740 1.406543
8.254631 35.589208 1.558949
0.485095 -47.004655 1.578182
-3.997382 15.994667 1.427064
-37.300607 -11.305718 1.598866
-41.893320 -1.032617 1.515925
-30.264919 37.511691 1.415379
43.008277 40.114723 1.514169
-29.757018 -26.199268 1.548434
-16.747031 32.652787 1.590282
44.796687 -2.089592 1.551270
0.964739 14.371690 1.531302
-13.445425 22.750356 1.534282
47.537529 -36.744589 1.527651
-2.798879 -40.764578 1.498605
-22.276585 -2.562933 1.599323
3.046294 -0.936734 1.471542
-37.413580 -10.046294 1.487336
-18.240808 26.735546 1.519637
8.829921 4.485363 1.495682
-12.871370 -29.116064 1.563871
43.921247 -15.599623 1.587318
-31.411857 -39.081543 1.504398
-15.814480 6.037268 1.541762
40.388508 9.651555 1.471932
4.949197 -18.848942 1.487591
-37.399535 26.015004 1.473817
-10.268404 18.934917 1.587753
22.406905 -7.145453 1.432906
28.739343 22.141182 1.584556
2.725908 14.335731 1.543944
44.274160 15.802936 1.522189
4.176031 -13.444884 1.594583
-15.232052 -5.103206 1.517240
-34.544288 14.143971 1.464263
-24.967169 -23.209466 1.480175
-44.220485 -13.697265 1.428021
15.481582 -1.047606 1.459726
-42.409136 29.644935 1.580673
-31.376398 -43.117611 1.548302
-16.265171 31.268562 1.586396
-18.357498 -34.471196 1.438334
-4.421038 -4.380518 1.427990
15.673724 28.286878 1.485546
-35.038688 4.775029 1.564416
44.635208 -16.059226 1.521501
11.818700 36.896936 1.588756
-37.565765 32.194490 1.409456
-48.530850 41.998572 1.474863
-39.925275 -24.098377 1.512094
34.271696 4.398859 1.421290
-20.719011 -24.411189 1.404049
47.273536 26.321541 1.463622
31.578182 34.506463 1.455314
2.902931 -10.437125 1.461290
-24.844253 42.635833 1.406756
-36.654416 49.238117 1.572404
47.063569 -2.596184 1.439392
-20.121418 19.321096 1.454686
-28.836426 46.193876 1.448851
-35.942421 15.725409 1.570367
-10.462746 -47.369770 1.413373
9.986931 -49.657384 1.481437
-20.301060 0.080798 1.564588
7.287622 -16.930945 1.522538
-19.705137 15.769637 1.514220
-15.938526 21.195023 1.412316
-23.343449 -33.350144 1.464625
8.988787 -25.465022 1.425028
24.451333 -46.451864 1.592783
-17.274662 -35.250476 1.448163
7.919526 3.465444 1.424732
-48.597866 15.673683 1.468745
22.248278 26.812033 1.494476
42.698365 31.421798 1.420560
18.110855 -10.866242 1.407454
0.848128 -45.512395 1.544781
29.067681 40.520408 1.518372
-38.933594 43.079255 1.488857
-44.593709 13.535862 1.438188
18.145016 -36.709706 1.505698
3.556524 -25.508020 1.467819
-4.071929 -36.918614 1.482236
-15.825663 18.083880 1.462856
-42.099670 30.853503 1.491873
-37.246468 -1.383070 1.405634
15.296426 -12.970116 1.416201
-15.157171 -46.577636 1.404998
-23.907580 -14.698317 1.582895
-46.067010 -48.237922 1.580863
21.769976 -12.006368 1.465394
-13.735580 46.109148 1.559139
7.395496 -3.903983 1.555449
38.318579 20.355463 1.561182
30.523607 10.258701 1.408125
-38.068082 -10.248557 1.579846
-22.837864 -35.974594 1.410576
-20.945950 -38.582074 1.489274
6.451510 30.535821 1.527008
25.635577 -42.859231 1.542737
8.676329 23.066250 1.517941
1.977112 29.321084 1.468947
10.889839 25.529387 1.532156
-31.862676 -15.991543 1.521233
-22.111316 -24.880392 1.574302
44.193548 -39.045674 1.498723
-38.316484 14.852242 1.488452
4.451726 20.154688 1.585255
43.993361 -3.589296 1.596974
23.688606 34.395914 1.418209
14.352615 24.408490 1.549306
-13.917905 -18.236081 1.520048
-2.391189 11.281972 1.557281
-0.468216 30.688626 1.498524
-3.320977 -15.656921 1.428889
-22.057734 -24.338430 1.496343
40.987136 -29.211097 1.424508
-29.572187 -19.748173 1.573824
-2.212332 17.335620 1.553861
-37.018904 23.285323 1.541489
45.544945 -26.104228 1.406732
17.895774 -25.719850 1.460524
-37.255589 45.315574 1.504104
49.507700 -24.093931 1.471817
-7.537237 21.651880 1.422566
-44.768733 -28.095810 1.520277
34.741773 4.980883 1.471668
-23.129561 -38.536738 1.497557
9.625143 -30.216453 1.433580
-39.269433 -1.356170 1.580770
-39.276477 -19.744092 1.472929
-20.148286 -32.242410 1.420587
-15.766764 8.005326 1.475203
43.094586 -9.301388 1.457283
29.902962 -20.909385 1.442611
16.696985 26.227743 1.426462
35.646598 12.372381 1.449587
-40.266079 48.012840 1.483404
-41.338877 17.487161 1.498363
-45.439997 -10.024670 1.405008
-18.711786 11.019673 1.501898
-11.336287 -28.974042 1.577647
-28.057667 34.793122 1.464570
17.020084 -43.442816 1.461384
19.469158 18.143391 1.413191
-6.224581 -16.541030 1.426773
48.718934 19.122061 1.428410
-35.066911 30.419570 1.554958
-24.106832 36.477323 1.473047
23.347006 -6.872830 1.518512
-10.970647 16.334928 1.568738
-49.200995 -21.127437 1.495780
16.236189 -18.377089 1.403639
-20.268877 40.981526 1.456111
-28.979598 39.892905 1.402556
-37.970902 23.041922 1.462750
8.020937 7.890576 1.505131
27.196800 -3.376145 1.402281
-40.812090 -28.796435 1.474766
13.466622 33.514582 1.569935
-48.115228 27.368887 1.419354
-20.427040 -17.256532 1.421602
27.833388 -4.252741 1.420468
15.117674 -17.247961 1.506953
22.790311 36.759853 1.491404
-5.284554 -17.504191 1.526428
48.106462 25.307538 1.515119
-44.517545 -6.374572 1.445547
26.043052 5.569188 1.439363
3.840190 42.071950 1.516153
9.204215 -4.759637 1.518608
-42.763981 -34.224534 1.418226
-23.642323 43.469275 1.457363
-46.957736 -18.668090 1.441984
39.732303 -19.184263 1.405620
-18.302045 -2.475057 1.413159
-23.621422 -5.231619 1.566739
-34.737367 -30.930125 1.490866
31.762944 39.792995 1.557510
4.243361 18.165934 1.493822
38.378429 26.254442 1.471824
-48.842598 2.447838 1.459510
8.752915 10.249636 1.521142
44.667454 25.899627 1.497125
-6.529207 -36.383533 1.422996
44.893348 22.494834 1.473524
10.256552 -18.122276 1.504878
45.103959 -37.767485 1.426868
-27.879063 36.593921 1.582934
25.007898 7.745984 1.493435
-27.450415 40.867784 1.503322
-13.743609 11.170019 1.424827
-28.908692 31.618848 1.480213
-13.093846 31.735063 1.540707
36.012525 -37.494475 1.417286
2.013840 46.604828 1.511694
-19.200094 4.025901 1.421883
-26.465747 -9.805617 1.548125
49.140863 10.484113 1.546873
-48.382850 29.437861 1.444168
-28.778631 17.544913 1.454255
36.894706 -10.678965 1.401398
-46.574500 22.383722 1.589832
-4.906839 30.762883 1.572498
28.625284 5.145600 1.571115
14.140924 -33.497325 1.515562
35.090009 -42.216785 1.448956
41.897459 -29.409744 1.525605
32.196994 34.871525 1.591459
-41.579042 -18.958871 1.471740
11.214885 -11.424600 1.437417
25.165518 -43.131330 1.508250
-36.447521 26.516675 1.583905
1.338889 2.709124 1.493493
-37.806145 -7.877500 1.500105
-11.233650 -3.959298 1.421292
-5.056880 9.010443 1.418820
26.700964 -36.905089 1.400747
-4.761883 -32.964283 1.539038
-6.034958 -29.540943 1.491487
-5.872456 1.624790 1.467382
6.914400 10.314705 1.557959
41.743747 -12.844930 1.488261
-18.997877 2.685450 1.596958
12.101798 -5.079874 1.467960
49.980870 28.488055 1.518065
-4.997504 6.956266 1.567067
-39.465316 6.437774 1.450694
-35.467897 -8.949958 1.444779
-29.683061 16.799568 1.472833
35.659611 31.085748 1.544174
-6.259170 2.121739 1.461395
18.615169 -34.848854 1.532643
-29.680224 -35.522973 1.470547
-19.698712 23.751618 1.552838
-12.378368 -43.235621 1.470859
35.700591 19.825809 1.570304
35.315131 41.404650 1.479389
34.234674 -17.835846 1.590158
-20.795058 -2.535553 1.409188
-48.763641 29.485444 1.541163
44.311681 46.414204 1.444862
47.935597 -46.415873 1.466437
-6.399683 40.519511 1.424521
-3.166149 -13.470536 1.448494
-34.746107 22.175968 1.561067
-21.464342 48.796091 1.533940
-20.409923 -29.574069 1.416786
-36.098803 -12.587744 1.500616
40.155005 -14.833569 1.553403
28.429818 19.954318 1.415903
30.334431 30.787581 1.561023
-44.891400 10.239738 1.408260
25.532757 29.040088 1.402710
36.589719 -36.590034 1.411570
23.166828 -35.115017 1.450049
21.382164 -29.974954 1.401690
28.961004 47.593909 1.569491
26.928359 -15.072972 1.549517
-21.211064 5.647551 1.520600
14.803794 7.372187 1.533093
-19.489435 41.069099 1.481008
-31.485534 22.628748 1.584947
-34.888972 21.039618 1.532451
-28.282019 -35.888194 1.471213
-37.980293 -34.783858 1.499388
13.997879 -37.648392 1.462804
-6.680775 16.211537 1.557197
-20.521713 -8.422362 1.579597
4.735247 -14.702474 1.400590
-12.519615 -17.168294 1.526450
21.329841 -9.366153 1.539029
20.304037 49.950833 1.547863
-40.641519 37.996363 1.403613
17.649495 35.069976 1.501681
-15.998426 14.456274 1.477786
1.189751 -3.857029 1.561793
37.387651 -25.750991 1.433621
-45.375312 -22.862934 1.563782
-12.495909 -18.735661 1.436263
-9.665431 -46.893623 1.555335
-8.226131 43.424505 1.420641
19.149140 39.595556 1.443287
39.677060 -47.659319 1.509076
19.536607 -48.242241 1.583883
45.065861 21.924375 1.493293
-30.995741 -45.423103 1.419953
-35.035706 -45.108033 1.449893
-9.164655 -30.349597 1.526615
20.630012 28.608887 1.520012
14.035191 -10.549598 1.419291
-35.100690 -37.291951 1.572117
-30.582330 2.783698 1.409781
10.006166 -26.371984 1.591429
-45.012206 -20.147413 1.513699
-34.928360 -40.949130 1.457091
-21.405252 41.930261 1.456093
0.433727 -10.352579 1.578529
-24.625515 18.972615 1.599842
-33.110025 19.808176 1.470794
-43.132201 -22.908808 1.451125
37.894468 -7.671564 1.506213
35.401952 0.606936 1.465833
7.726218 -45.454529 1.486286
4.484766 -24.535456 1.522172
-33.949212 15.593513 1.477246
-3.805875 34.661810 1.564012
-19.261702 -31.424666 1.496335
-27.019317 -13.667388 1.562514
-39.760089 -47.815974 1.444012
12.976247 -8.215747 1.514855
27.197599 10.054688 1.401853
-0.250034 -2.317711 1.454169
-49.772018 -18.300396 1.407071
46.362833 20.134653 1.456045
-35.244597 44.057067 1.431784
-8.756749 25.322910 1.488760
27.880442 -13.416128 1.452815
-45.454269 -49.906801 1.510273
6.801119 6.412638 1.580135
35.407248 -10.377505 1.488447
-38.281816 -2.476132 1.599168
33.842944 -1.632807 1.420816
35.208170 43.711892 1.460693
-7.393710 33.914196 1.444238
23.749602 -40.445977 1.468279
-11.828580 -2.945882 1.508851
-15.804117 -19.787667 1.503216
14.076409 -17.786001 1.402379
-43.838302 9.652864 1.551942
-43.153761 14.738905 1.470432
-38.469720 39.408561 1.552789
17.848381 -22.265800 1.499820
6.976785 -41.179562 1.598115
-7.399557 35.647869 1.581922
49.073318 -24.746401 1.503714
30.799859 -46.765736 1.490966
-22.087579 -25.934349 1.539973
-5.311136 35.741607 1.481021
-14.061038 -23.859289 1.417293
-23.793745 -1.471132 1.546528
26.644291 10.603076 1.460278
43.706543 -24.138916 1.530232
1.296461 -10.381902 1.446645
32.923830 -49.188185 1.464323
8.933654 47.929642 1.505545
40.011903 -19.944149 1.406199
38.487822 -35.173327 1.490931
-13.884365 45.480078 1.533351
-6.940145 -43.017443 1.436467
20.138005 -40.552866 1.431832
-44.554439 -26.464070 1.493543
-23.101708 29.594409 1.542677
-47.578302 -48.522911 1.493406
24.659513 -47.572526 1.556808
-19.356450 -23.847410 1.478136
44.152556 -27.986872 1.573905
-14.890277 39.109036 1.454358
-25.842791 -39.784304 1.400862
-29.435314 -19.322325 1.436925
-37.063695 -29.522962 1.467425
-10.139787 -19.403893 1.578707
-47.919289 20.507064 1.552463
-26.206213 -47.820973 1.426929
-38.881382 20.607778 1.453105
14.278626 -19.139757 1.539088
-22.690000 49.167655 1.541669
23.633176 2.784049 1.409179
-36.303929 39.863727 1.599335
-15.903043 17.551056 1.479777
7.977411 -23.657376 1.480847
-25.750087 18.286158 1.431418
-10.132698 -0.258377 1.555869
-21.359365 13.156341 1.432550
26.857678 -3.000778 1.592452
-19.030210 -40.741630 1.563715
-3.869807 -39.841557 1.540701
-10.601330 23.439345 1.424213
4.009115 -18.808511 1.486868
-21.824699 -7.711763 1.544961
-1.535271 -3.305049 1.447989
-8.720353 37.025670 1.590095
36.190180 48.351488 1.578377
-9.643609 19.868042 1.476351
-16.266893 2.321953 1.427168
-26.139177 -21.154072 1.433419
25.977208 -1.072381 1.516488
3.421658 7.809523 1.406924
-38.658646 -35.860582 1.441694
19.991504 -2.788116 1.433065
43.516678 -15.193063 1.428104
13.186617 27.470223 1.478190
11.974561 -43.546836 1.411127
-10.360223 -24.261529 1.512369
-31.529193 -11.143459 1.571059
7.310597 -30.800583 1.404602
-39.357812 13.259990 1.518277
1.407700 -40.789073 1.439461
24.154691 -32.113613 1.484940
-40.479756 -43.262265 1.597383
43.352574 26.709885 1.497620
40.700647 -44.218865 1.535164
3.509003 -24.183525 1.504751
-9.694176 -30.010701 1.529765
32.219419 11.773816 1.517507
14.733238 21.523847 1.452232
11.496742 25.742099 1.470753
3.007904 -46.154355 1.505494
20.235979 6.097225 1.585031
-43.148150 9.048220 1.589107
19.079892 -24.256772 1.518810
-17.468138 13.008927 1.516632
-29.446764 -11.766484 1.583286
21.917877 -26.246618 1.517869
21.680006 -24.133694 1.502212
-2.449748 27.090993 1.426333
-10.715229 9.150121 1.460720
35.482790 -40.752578 1.478338
1.689778 0.099065 1.509986
-39.849613 47.553579 1.464406
-47.818753 10.210013 1.597987
11.764497 25.898162 1.447746
45.639167 -42.524498 1.420147
-26.643651 0.151921 1.400311
36.432676 23.987282 1.522571
43.373570 -20.404604 1.537116
45.501795 48.663700 1.529758
-19.410356 -29.860786 1.421930
39.168006 -3.331146 1.443977
-14.094768 9.233741 1.516600
11.472238 13.909940 1.490854
31.619070 21.717251 1.459801
35.417052 -45.599561 1.404488
4.105950 8.693586 1.421866
12.995071 8.161317 1.450138
44.755342 3.026648 1.560462
9.332885 -42.203893 1.417348
14.640112 -43.645131 1.556170
23.554046 -27.154010 1.506089
16.002486 -46.220509 1.452270
-45.355315 13.217015 1.446520
-34.217139 12.542476 1.514943
34.534679 24.347942 1.524607
22.695257 39.188923 1.468045
1.520501 -44.945036 1.501254
42.749491 -9.309381 1.540369
39.405559 -10.769914 1.562033
10.368647 -34.147711 1.433974
22.455386 7.670373 1.516190
2.790892 6.518083 1.520582
-27.208806 1.591214 1.536125
-37.327157 42.477752 1.525122
13.176108 -49.148235 1.565041
30.267746 9.999849 1.508086
21.162667 -19.058544 1.469635
8.928322 -41.695591 1.461381
-10.728887 -20.412160 1.577683
26.829179 18.016032 1.569467
-46.831909 -3.891548 1.555121
-11.955630 -38.279948 1.471244
32.947480 48.289630 1.514674
-41.615469 -31.181302 1.458684
30.542823 33.227134 1.501217
38.677044 45.084344 1.463933
18.693063 -25.686675 1.415448
20.043220 -33.600155 1.459542
-0.389463 -45.699369 1.509713
30.835713 -44.170522 1.593535
12.119792 -2.658791 1.446676
17.567315 -46.140976 1.459733
25.508096 14.570442 1.474057
-4.780197 -40.763646 1.491811
43.923166 16.642670 1.561576
36.161807 -28.517018 1.499432
-23.319561 -31.854271 1.527687
-13.673233 -6.026099 1.483577
44.483239 29.798123 1.432399
-21.342298 -0.010356 1.526443
-36.332500 -40.327855 1.478807
-18.218876 -4.651853 1.539501
-44.241786 28.303473 1.415508
16.943968 -22.727831 1.464352
-28.510440 25.031154 1.569422
26.089250 -17.979848 1.400658
-9.035457 41.071858 1.513870
-49.142113 -31.492436 1.445944
13.756244 1.194597 1.470481
-2.767135 -7.233941 1.506050
-0.472408 -39.759654 1.575379
-1.464052 -6.320568 1.460046
-47.110353 16.297300 1.453673
13.738000 -5.433941 1.405388
29.601635 14.672895 1.471903
49.857300 -48.361902 1.432807
-20.171928 -29.597352 1.499012
-30.681117 42.464070 1.444251
49.497442 3.503676 1.451925
-14.130920 1.633563 1.553403
27.686313 23.864444 1.486263
2.313995 -8.678770 1.528605
13.417627 10.064705 1.492526
-5.500586 -48.344723 1.457208
42.325118 -41.748914 1.431191
7.017000 34.711948 1.566345
-18.334946 44.564563 1.486079
28.091473 33.385634 1.562024
43.450842 -21.697672 1.599650
-49.852825 23.564702 1.480927
-31.341387 45.307179 1.481813
30.185752 31.941359 1.410574
-42.750997 -16.013619 1.547589
-20.902990 -16.552551 1.463821
14.887638 16.528755 1.509852
-29.974413 20.042242 1.430664
-42.496966 -46.510833 1.435561
20.850605 36.114967 1.533765
20.352440 -36.545824 1.595368
25.569854 -47.470640 1.595467
6.293364 -27.425966 1.431441
7.386365 42.641264 1.414952
1.970778 22.867592 1.544779
15.506149 11.841113 1.591081
26.488892 -1.194873 1.429714
23.068070 5.048241 1.468593
-25.720170 21.101425 1.451622
6.365343 -17.674330 1.497240
-43.511688 -0.935650 1.474382
49.414495 9.425391 1.415322
-29.857691 -18.210213 1.406227
16.377933 -36.083506 1.495184
1.083114 3.905193 1.411218
2.626449 42.721869 1.538530
-27.828594 -15.179483 1.426666
9.542233 -23.696022 1.455874
11.178843 -17.193407 1.423504
4.057359 -7.970046 1.472930
-4.572246 -45.736448 1.460113
-43.269963 -38.273629 1.588877
12.917956 12.094219 1.524477
-6.221857 29.257317 1.479071
-23.496886 -12.170903 1.560110
2.491376 -27.444887 1.541248
-7.788601 -3.024595 1.455783
-24.028588 -48.484460 1.409376
40.663555 32.377170 1.548716
23.809572 -32.524664 1.494129
18.665850 16.934044 1.426676
13.989044 13.855643 1.558351
-44.778379 9.781734 1.490259
-22.375492 35.110758 1.507446
-29.060887 -26.319593 1.446044
47.095389 32.196062 1.413830
-47.176684 1.468566 1.448448
41.621916 39.549124 1.562679
-26.290144 41.544057 1.572478
-19.315792 -40.509892 1.426748
7.798244 -34.917908 1.589456
-33.131554 -42.022876 1.442405
-11.426912 47.896322 1.499890
-6.349184 -10.735004 1.537640
-6.288357 11.579002 1.524465
-1.298156 -18.100604 1.526564
19.188140 -4.927235 1.541033
43.977250 25.638676 1.471389
17.350157 4.084939 1.422902
32.366867 -10.066622 1.552910
31.172368 13.996268 1.488663
2.715808 44.582564 1.512549
37.224395 30.405341 1.431597
2.728477 -42.482277 1.481468
-48.765179 3.640425 1.426004
0.267045 -11.768584 1.428546
-20.049826 22.580759 1.420397
21.571440 -48.804729 1.434961
16.307881 -13.440235 1.517692
3.358759 -49.329478 1.493625
-27.007991 -23.298783 1.556765
-41.662771 -26.192501 1.579348
27.842632 -48.892268 1.483269
-9.894072 10.339505 1.413017
-41.732922 -5.214681 1.568744
-9.525999 -3.464224 1.548905
48.402871 7.054538 1.472576
-20.091755 17.867078 1.504133
-4.347509 31.419623 1.555342
44.677778 -0.588983 1.494442
-37.282169 -1.411235 1.515671
14.451467 -14.186365 1.448334
-11.344065 40.302112 1.478659
-4.822328 -48.873188 1.448434
12.638655 17.877852 1.535250
-26.030987 -2.794222 1.514554
-7.776058 7.795097 1.456158
-8.939143 -40.171230 1.449390
43.743895 3.648598 1.589040
-45.087199 19.450254 1.564426
22.790114 33.446951 1.588122
18.348630 -14.582006 1.448652
26.301637 -48.381438 1.403421
-33.344617 -22.985957 1.501000
29.515526 -32.559743 1.471621
-38.968039 -35.834148 1.594754
-28.014881 -46.099722 1.475897
17.146811 -13.539467 1.531245
35.853536 -9.624339 1.591223
12.269406 11.909824 1.543117
20.919202 -10.970055 1.531753
11.966870 27.186588 1.533552
-37.473707 -20.595701 1.410810
24.346125 -14.683036 1.586434
47.513657 -37.962627 1.534234
-25.908637 -46.458744 1.574437
17.101250 20.705085 1.409637
-37.350128 -43.608000 1.434441
-29.538780 41.724950 1.408373
-38.914283 -32.357298 1.414410
17.004538 -4.723023 1.478374
16.345041 11.102467 1.456095
20.685240 -43.171980 1.432162
14.547773 4.413237 1.583142
2.851031 17.281933 1.490932
-9.154107 46.919232 1.574770
20.081492 9.640526 1.456563
-20.507490 30.623130 1.497435
-11.932053 -42.012089 1.576555
40.286361 -7.125935 1.523211
36.028049 23.413980 1.563866
7.108354 -29.893712 1.537555
36.994737 -29.454322 1.591620
-17.436146 -49.297591 1.508007
-32.585697 32.191175 1.462502
-19.755073 -23.504376 1.462337
-5.632756 30.266367 1.549353
35.684444 48.452716 1.443337
10.757965 9.115701 1.475491
-39.907494 -25.253163 1.404631
-40.049276 -8.185378 1.546554
25.099884 -46.241642 1.451333
45.256573 27.215471 1.556148
-39.336178 -23.138633 1.400551
-6.521740 -10.883006 1.459162
-43.405742 -20.302030 1.473541
-34.359495 19.969740 1.569281
-0.333600 -6.818373 1.535358
9.527065 21.389740 1.584684
12.085057 13.554325 1.538050
-35.105362 -15.813914 1.550833
9.274440 -24.482107 1.424247
37.899245 -27.383189 1.563611
33.539730 2.234677 1.475325
11.620171 0.222232 1.415227
31.010869 -0.328683 1.500362
26.005355 -28.005143 1.490644
-47.223094 21.464431 1.414939
-23.923415 19.161300 1.400262
35.686701 -13.619916 1.534552
49.070290 24.358719 1.598954
-33.727296 45.331961 1.494712
31.007824 48.497819 1.452589
-21.473849 -10.974542 1.487537
-1.877333 47.671841 1.519226
20.189558 25.907605 1.589642
-29.869675 -19.619478 1.445008
7.012012 -49.122554 1.463450
-13.594423 18.532896 1.405039
-2.500640 -28.264643 1.425868
-16.743417 -6.604413 1.528497
-32.008694 29.883674 1.535907
-27.355682 33.044780 1.592458
19.900498 -32.322070 1.441471
35.271350 5.585065 1.571104
35.913232 -6.304931 1.439851
5.717922 1.117873 1.495091
23.703943 -7.823049 1.429622
39.719859 -28.331459 1.544382
-17.605606 2.584893 1.567585
45.557039 -22.847939 1.541834
-9.198595 -0.783912 1.595883
-13.065077 15.256764 1.451330
16.212134 -22.670107 1.420629
2.890773 -14.785974 1.555157
-42.884273 44.030193 1.431698
-31.820785 -11.936060 1.513573
45.403729 0.477292 1.457735
33.298888 -45.588549 1.454553
-45.225606 -6.761132 1.576593
18.253953 -5.812012 1.401348
36.674600 -10.000228 1.475386
42.236268 -35.048344 1.425749
26.725040 -32.248145 1.443693
40.394415 8.935311 1.506699
36.479056 3.500704 1.433290
-4.556570 17.728099 1.457438
34.005262 26.432901 1.553257
34.966289 -21.577441 1.417394
-32.532424 27.546602 1.448228
6.758865 -3.752108 1.410359
6.760737 27.710679 1.419043
19.022738 15.155796 1.554578
31.501786 -49.478286 1.421589
5.723244 -9.438466 1.553022
-28.484537 -39.616099 1.570085
39.678879 -17.073085 1.457047
-15.994355 -17.118562 1.459315
47.475472 20.254745 1.440627
6.631793 -39.450884 1.461842
42.344917 -8.981085 1.490899
15.701272 -8.714508 1.438004
-25.602925 -8.366714 1.527461
4.285966 34.227067 1.412065
-32.622222 18.322076 1.517892
11.294933 33.936102 1.481434
-43.374762 0.373794 1.582720
11.024157 -16.988053 1.428518
6.780930 -32.915254 1.498414
-18.860610 9.733188 1.443549
-8.541372 45.154088 1.487363
12.074369 33.918802 1.403330
45.768774 35.787293 1.582875
6.133572 -13.059448 1.542911
40.841773 27.675039 1.452187
-6.229456 1.530188 1.502740
-29.846286 -26.520516 1.411202
40.338073 -38.006846 1.512123
-30.174155 -37.022502 1.523699
13.539305 -44.906572 1.430555
10.647099 45.793359 1.416496
-1.618252 2.043776 1.489484
-2.432231 21.501787 1.489178
-9.468616 -39.030132 1.472518
-33.576712 -23.797879 1.545928
-31.539604 13.874577 1.452918
-1.731098 5.431972 1.589504
1.895748 -38.156937 1.477773
-12.212774 39.900334 1.406643
24.502419 12.149368 1.434949
0.865021 38.415759 1.455297
49.717406 0.435549 1.591434
-13.602638 -19.542258 1.532473
38.797660 -27.725577 1.467731
15.339305 7.706227 1.439026
29.826397 -7.753106 1.407842
16.534065 -11.963722 1.510352
-49.487835 -42.050374 1.474102
-8.594515 -48.006042 1.418911
19.280377 45.295726 1.583505
-29.773492 -3.081343 1.459428
-32.922359 -26.089097 1.409900
-2.404910 -19.323563 1.473429
-18.390033 18.714471 1.524047
-21.563311 -14.572691 1.562150
-26.184034 24.944299 1.526257
-9.922784 27.770272 1.428232
49.461036 -8.362655 1.463330
12.253614 46.493381 1.568216
43.149051 6.105197 1.445869
20.295317 3.399720 1.410576
-21.096999 22.738615 1.494149
-7.421269 -29.260511 1.546921
12.488689 -2.612194 1.418288
-12.827074 15.375139 1.572358
14.030426 9.366296 1.511069
-3.503053 24.181045 1.423198
15.738264 12.996613 1.456489
11.049356 6.521832 1.508280
9.049247 -9.298629 1.588028
-45.370529 -42.474382 1.447753
5.985170 -7.255241 1.556015
-34.786171 48.819419 1.433268
-13.997255 48.133379 1.488823
-35.971784 22.221956 1.442843
-9.211985 -25.835073 1.458113
-43.397109 24.787116 1.540375
-15.324373 43.258043 1.411492
39.541432 -27.151977 1.448442
-12.117065 48.480618 1.421621
10.395973 25.116159 1.456228
31.463696 10.342709 1.573484
-48.821453 -42.153603 1.420741
-8.507439 15.471791 1.405101
24.253010 20.346775 1.597395
26.511660 -18.522200 1.430098
20.066467 -42.894496 1.506129
44.717821 -27.580708 1.459304
45.416486 14.882243 1.526573
-5.803937 -46.765671 1.509280
-4.266409 -5.542254 1.561653
7.720771 -37.002701 1.405445
5.401708 -13.485394 1.444522
-21.675081 6.918680 1.533878
-3.958234 -26.045600 1.480620
9.796010 41.542176 1.514581
4.320897 21.315113 1.497249
30.568810 -30.001981 1.437719
-14.978977 48.339871 1.446497
-45.564328 0.342564 1.592691
45.581399 -13.429432 1.474930
-49.847556 12.130244 1.428489
21.804824 -26.318459 1.416169
-36.995476 17.037004 1.428211
45.758645 -34.451109 1.588992
18.643454 40.537337 1.519576
23.015093 14.670386 1.541150
42.497660 -41.825529 1.578901
34.583013 36.707854 1.457808
-5.365866 15.893558 1.465579
38.271661 31.813541 1.523685
7.151554 -3.829696 1.533401
-16.491192 32.541453 1.481683
10.026478 15.014243 1.443274
21.416707 -49.407056 1.492619
-21.553526 49.895328 1.570575
-0.490019 -35.752157 1.444155
-44.127575 47.854365 1.566487
18.694982 6.567358 1.483216
36.390954 22.762597 1.429304
-23.967955 -29.418397 1.533557
-1.691547 -29.828311 1.407599
-35.477598 28.011900 1.461671
5.488612 47.099030 1.565770
-21.716652 8.231304 1.429990
-21.113785 40.613656 1.593870
39.601398 -19.304231 1.413511
-13.896301 44.862059 1.544486
-20.653468 -22.832498 1.505594
47.249984 30.477871 1.596770
14.382554 27.578292 1.571729
-37.458793 30.061775 1.521396
-21.619188 46.299782 1.515300
23.907335 10.587126 1.487693
28.652400 -39.117092 1.508575
23.149195 -31.473794 1.515113
8.171270 34.542323 1.505799
34.177702 24.639181 1.417411
39.787792 13.412159 1.413782
-18.527599 6.639856 1.408644
-13.001610 -18.053716 1.430796
23.680445 -2.762773 1.586623
-17.118349 -8.090930 1.475046
-37.498866 -43.435649 1.582201
27.504334 -34.666575 1.524783
21.841899 -3.196244 1.519297
-11.966655 -23.566110 1.575346
-37.742140 -32.144610 1.411045
-27.383085 -27.501832 1.518042
12.169119 26.379895 1.429438
-29.216470 -41.205827 1.424987
29.373865 -13.458667 1.424979
-49.035399 -37.942958 1.419609
-9.316897 10.913673 1.482303
-34.300600 9.817618 1.455218
32.138739 -44.207270 1.489549
48.359463 -22.504734 1.486735
46.742142 -4.822699 1.528379
37.515830 28.558890 1.594524
-24.969093 44.459020 1.445577
4.626579 -41.092962 1.471148
-11.270450 -22.456912 1.481663
31.208028 13.323191 1.443023
-28.808328 18.426040 1.445606
-24.595132 29.608773 1.492285
-43.430008 -28.151350 1.516382
-45.450613 11.540372 1.453045
-33.327736 -39.253462 1.491851
-16.268403 -23.056615 1.513249
19.405616 -49.807740 1.561187
-36.931219 -3.003084 1.587393
-6.462052 -7.710734 1.525383
-22.366208 -8.854918 1.563376
3.382278 45.946780 1.481585
-41.762682 -5.388549 1.480598
19.220788 43.785775 1.439178
-41.572421 -7.672596 1.451506
39.857395 -16.756166 1.437533
21.071657 -48.655891 1.584132
8.513557 -12.652082 1.477695
1.892050 -0.314745 1.576483
29.226014 1.615874 1.519465
33.547444 31.894136 1.422675
14.509215 -43.622660 1.444194
17.231547 10.608511 1.503901
-23.698828 -6.205068 1.477392
-36.631384 36.324079 1.492628
-46.985445 15.633199 1.559688
-25.666937 15.784567 1.402432
-4.423802 49.163719 1.444418
2.936258 49.689080 1.551180
22.460004 -14.710045 1.571006
22.389408 -1.219713 1.538833
12.981319 -22.971716 1.573388
-44.279669 -8.392014 1.464861
25.527827 46.193273 1.450206
-26.318407 -33.471946 1.532624
22.726974 -27.746893 1.587141
22.357017 -45.622741 1.474841
-29.879083 22.245600 1.543125
-23.135563 -39.399071 1.563889
-22.805076 15.087109 1.557812
-49.644229 29.444726 1.593629
-36.806115 -0.370719 1.566588
-38.737537 38.213939 1.445749
0.226046 -0.842831 1.436291
48.801197 1.713584 1.421315
18.131605 37.883816 1.521667
36.862930 -44.727707 1.473072
36.650787 -10.225882 1.440592
-25.352616 -1.424792 1.534013
-49.081836 -18.424502 1.598440
28.329609 35.743132 1.539150
-49.700243 -11.990797 1.442584
-37.323482 4.237980 1.581415
44.903487 -7.098497 1.504753
10.194194 33.816528 1.519154
35.932310 14.332026 1.467457
-20.893615 41.016524 1.509726
38.659602 -48.063273 1.409054
11.477772 6.914599 1.469267
-49.542170 44.746164 1.551962
4.017982 30.229822 1.582120
-43.196861 -9.639311 1.529676
35.462025 10.262573 1.417255
3.755603 20.421365 1.433932
17.030675 34.553865 1.517765
-15.507496 -34.485147 1.493250
5.002172 -28.488305 1.470366
-21.218045 -11.681463 1.427786
43.409105 -23.169670 1.515490
-43.560428 -20.120938 1.485060
-11.553251 24.514686 1.497934
-29.372402 38.035815 1.402095
-39.390660 -38.823837 1.449170
13.995376 20.291917 1.468346
-17.447923 -47.241340 1.554049
-29.352476 -27.063671 1.455562
-34.136051 -24.608017 1.559014
-19.766296 -12.129267 1.556051
35.830894 9.842718 1.411874
-41.324983 -48.988067 1.584418
27.058628 -25.639128 1.585243
-40.311506 -15.489396 1.566334
5.282821 -11.632599 1.503072
16.321814 20.732560 1.483756
-14.882667 -32.991655 1.499996
-25.492889 41.012951 1.485270
-7.788796 -6.299930 1.453296
-33.974101 -2.709488 1.489935
29.824611 -37.771146 1.432461
-24.830521 -26.566103 1.573294
-21.505575 -44.199167 1.466697
8.333550 -38.029035 1.420229
-24.231838 35.495539 1.432256
14.566933 26.435461 1.426801
17.869338 29.963862 1.401509
-18.630336 -20.051297 1.421543
-46.680031 48.717918 1.475119
8.128075 8.551875 1.463625
-42.181567 -45.597451 1.400288
-3.379800 -4.301886 1.429627
-9.371174 -1.327145 1.508995
-40.906433 -14.416499 1.474172
7.617800 32.358526 1.400344
-31.768399 -31.484389 1.429408
-18.207502 -13.494350 1.560639
18.532630 -22.080632 1.435296
3.088831 13.978619 1.456469
26.858886 17.292998 1.537080
-38.600105 48.031430 1.403628
-32.348746 14.625085 1.519102
20.996212 -16.658412 1.516524
-3.239761 49.339359 1.599005
18.135309 0.133974 1.572285
-10.067870 -10.693163 1.540240
47.423430 45.582065 1.485248
0.908912 -23.916850 1.578310
11.422507 -21.923601 1.525606
45.435297 31.040169 1.442561
-48.953203 43.523916 1.416505
-11.818491 -33.375070 1.451261
-16.850354 -3.892547 1.476095
43.620391 27.911551 1.432682
-15.380605 -1.836308 1.591032
-17.100458 -7.401040 1.401801
-34.790272 -20.094111 1.510728
12.954020 18.220691 1.597312
-41.267950 9.561378 1.454584
42.779304 -8.233916 1.438362
-37.460452 2.188161 1.572987
-35.768576 37.550889 1.476899
-35.837590 -22.379647 1.512927
2.446177 12.898755 1.496800
-30.335805 46.131674 1.583444
37.134799 24.567285 1.548029
17.057587 -13.141472 1.515896
32.524090 32.383302 1.586567
-10.393404 18.054876 1.470668
46.192518 -42.344251 1.464495
49.294608 -5.528942 1.526724
-12.544808 -40.589741 1.592066
-4.889091 29.046946 1.506942
28.254032 -34.490686 1.584435
-47.713203 -15.798607 1.552759
-6.222136 24.552104 1.526195
0.487730 -2.719927 1.456162
30.522194 -13.489634 1.505723
4.918048 -42.372000 1.563643
-35.067402 22.171360 1.594364
-36.274396 36.231631 1.585008
-3.361755 -1.012859 1.499440
43.874515 -1.020389 1.469512
20.562890 0.487847 1.511264
-15.369160 -9.464934 1.439619
20.625365 -49.488104 1.433044
40.723711 43.409465 1.457032
46.875134 30.372709 1.400417
15.598211 -40.866118 1.497584
35.851825 -38.373724 1.505845
13.172764 -5.354871 1.582378
-13.558430 23.473674 1.599865
25.574307 27.385451 1.558318
16.148736 11.813546 1.431620
24.627177 8.963610 1.461850
15.297635 7.357313 1.442975
21.397708 31.280991 1.487067
-14.564073 21.623142 1.435429
-30.359658 45.232952 1.535969
-46.408073 19.509312 1.502163
-16.401288 43.554304 1.466921
6.101959 -44.382265 1.524009
-19.486579 -10.938822 1.592061
-44.522608 8.534010 1.424588
-46.164364 15.538276 1.403988
25.512326 -14.334820 1.580906
28.091721 37.560219 1.452831
-1.523426 -4.213954 1.492740
4.001380 -48.806852 1.402949
-38.914567 -37.121209 1.594424
-17.569119 15.820839 1.544268
12.286052 -8.318606 1.526176
-48.732174 -41.650001 1.416627
-8.376473 16.617014 1.440509
-7.916757 43.062321 1.426120
25.339715 -15.418073 1.528190
47.906534 -34.887754 1.474430
-33.839168 -34.893773 1.459193
43.340688 26.948853 1.418124
-31.839907 -33.322001 1.567711
-40.458428 15.203448 1.493227
15.213501 -6.696998 1.531121
-30.475320 1.289615 1.512123
-32.495456 48.869535 1.408390
33.088965 26.227839 1.547543
36.655788 -26.165198 1.552474
-44.588921 -5.997322 1.582463
-9.822913 6.296383 1.470341
-42.801342 37.845512 1.451269
-40.453250 2.226413 1.505115
-5.827998 48.838786 1.457569
24.028969 -45.112787 1.412845
43.577663 9.781908 1.548313
-31.406980 42.890284 1.407178
20.740978 -6.383754 1.401856
21.023603 43.698020 1.512683
24.138818 1.115982 1.448944
23.224656 36.801084 1.413373
9.681702 20.368878 1.584315
0.733994 36.239803 1.446165
-27.580716 -49.090427 1.504424
-7.502357 7.882938 1.405778
-19.208104 -30.602520 1.472529
-35.699355 0.934418 1.550586
42.295619 -37.536102 1.582300
34.511140 28.732020 1.508267
-2.149372 -24.500124 1.518243
26.049420 12.595571 1.500014
29.208604 9.009841 1.423921
-35.324085 8.108357 1.444621
-0.806473 45.608518 1.403209
12.586553 42.200266 1.461206
18.715244 47.105989 1.499282
29.662763 42.056823 1.500395
2.615071 -48.497463 1.436065
9.890479 29.287882 1.451518
49.258298 -15.784607 1.524405
25.717566 35.134301 1.481754
18.515731 -6.110529 1.530677
-14.493948 0.214872 1.570912
45.706652 -8.304368 1.501018
-21.550233 5.241064 1.425734
-20.096864 32.000068 1.582633
-4.864145 48.311809 1.407606
41.346825 16.094092 1.545807
44.424457 41.841878 1.426403
-37.642777 37.853106 1.430522
-8.936429 5.444763 1.471406
-31.031157 -40.652921 1.516808
-15.603766 47.506925 1.556736
44.566214 24.354599 1.487388
24.989179 -6.862321 1.566126
-20.494476 49.340411 1.476118
41.284738 -27.403548 1.496663
20.944934 21.508066 1.440257
19.986636 15.392672 1.518622
-24.898860 24.864902 1.424876
-48.629455 -15.243728 1.546536
-8.182401 -21.619941 1.528224
14.309882 6.190409 1.496214
-42.131498 -4.094488 1.433649
20.740026 -22.375374 1.462529
22.820895 -49.222215 1.440959
20.269061 -37.892458 1.421211
-0.845237 -5.903070 1.590387
-22.295920 -27.534916 1.545055
14.601778 12.077194 1.588090
-5.361875 -17.025848 1.448500
24.839173 -28.027783 1.497023
40.500634 -5.838556 1.409337
-44.365637 46.736564 1.471217
-1.776291 45.870313 1.419998
9.865212 4.611868 1.473220
41.688469 -41.898355 1.414005
-4.671570 -15.075184 1.452992
-24.956773 -48.491251 1.442136
-27.467667 -49.080414 1.486378
-15.268481 -17.361638 1.472189
-28.232168 1.955941 1.596118
8.419325 3.587399 1.501756
9.425525 14.797486 1.584906
-20.493535 -34.847975 1.496508
23.813450 32.654121 1.571931
27.983458 17.972411 1.463080
-36.512718 30.750629 1.496131
-39.443781 -31.634911 1.449046
-35.295210 -6.590225 1.554378
32.822510 47.932391 1.422341
-42.542356 -9.379915 1.520877
27.485086 41.835147 1.533514
-39.711653 -33.744435 1.511766
-28.183993 11.635320 1.570343
15.900643 42.108707 1.425172
26.628345 42.594539 1.546603
-5.878979 -7.992903 1.439845
45.594971 14.675578 1.472284
9.511007 -48.509648 1.457342
-35.836984 -12.185801 1.559042
-13.985221 -49.604282 1.587934
-2.945987 -13.203065 1.521432
-34.162907 24.028050 1.569002
-28.279706 2.977556 1.443318
33.336522 -13.080169 1.429244
0.477719 29.026439 1.525934
37.429401 -24.056724 1.528884
7.990266 -7.606540 1.416794
40.850059 -33.054720 1.479180
22.104613 12.237024 1.516089
-12.894444 -16.914226 1.476399
-3.929933 49.612949 1.573301
25.599776 -44.559891 1.472975
-14.160076 11.594844 1.581178
-35.910272 -43.939709 1.579016
-46.747456 15.498781 1.563297
24.817931 14.958296 1.404521
41.143846 4.617298 1.480286
21.670877 22.426423 1.539630
-48.134377 5.519625 1.572551
9.969039 49.641769 1.480041
-7.157912 -3.020592 1.511359
-45.619133 -20.772574 1.459879
44.896992 -16.259913 1.442368
38.221755 -6.958801 1.419570
-1.182423 27.015123 1.461953
39.891595 -41.965694 1.485335
-48.853766 14.762112 1.540342
35.106016 26.808397 1.452982
-12.986992 27.621494 1.523828
40.308080 -42.097812 1.509631
-36.166607 47.834977 1.457110
-48.189700 -24.281218 1.441266
4.014558 -27.322950 1.473351
-2.424098 -41.814587 1.584677
-37.436294 8.199849 1.443175
-4.404427 -25.209231 1.448933
26.047760 -15.299175 1.502611
1.869963 28.473518 1.470962
44.383541 -45.820492 1.418891
29.018992 22.204630 1.591170
44.046559 -9.484524 1.529228
11.262035 -18.970276 1.513330
-24.839339 25.231421 1.421513
-44.060149 -18.925715 1.526603
26.922545 -12.789888 1.590733
-5.475527 -27.174923 1.489216
15.083091 1.506377 1.572888
43.956574 -21.859946 1.472777
41.607530 -2.251250 1.492930
3.673690 43.708228 1.445652
2.489838 46.707746 1.452374
11.677380 -38.281695 1.489815
9.950084 31.057669 1.467416
13.697900 20.610792 1.430772
-11.836137 -29.960028 1.509036
-0.187795 43.728977 1.499298
-39.796528 39.747935 1.571840
-35.156549 23.876359 1.539970
-29.185475 -20.281123 1.565900
23.715798 -8.576992 1.422824
-30.385603 9.177397 1.516507
-38.413680 -18.722334 1.513315
-48.613369 -44.888063 1.452378
49.815277 45.359926 1.508409
-37.442404 5.517102 1.511294
22.851433 -35.961875 1.559973
-10.069409 -36.553052 1.431521
-28.273195 12.414460 1.571380
33.138491 -41.380658 1.589885
-31.719725 -13.423750 1.457656
15.319512 -24.966121 1.482843
23.106788 -44.222025 1.415071
-19.719241 -21.285610 1.527825
-25.414240 -37.123455 1.507586
19.409496 15.402352 1.494521
28.651852 -48.324816 1.541787
30.927729 2.334131 1.500257
-48.744807 46.029210 1.503944
27.359226 26.512324 1.446971
-39.029642 28.811549 1.480274
10.808791 -36.650182 1.407329
40.056042 21.891566 1.531117
38.267726 -34.328671 1.568950
-8.983265 18.272456 1.524021
-23.882000 15.219799 1.476489
-9.946337 31.912515 1.541993
13.780388 6.988713 1.423970
35.077492 47.403366 1.532977
-23.662832 -1.211071 1.427997
-23.602259 16.831302 1.567530
44.050208 -48.147702 1.410274
49.045451 6.894705 1.553989
20.477895 -28.022550 1.469294
-8.896968 -31.344010 1.477976
-46.022719 -3.835157 1.530806
0.194826 -25.552367 1.524425
-20.334620 36.042192 1.492674
43.149671 16.526790 1.596621
-14.284899 13.702128 1.430177
-26.398961 12.654610 1.481789
20.566626 -36.714932 1.461640
23.131992 -20.606484 1.579791
-10.668114 1.010423 1.487049
26.880729 -15.580629 1.572082
22.002659 -1.312872 1.493822
33.228678 -25.610157 1.590916
-24.815419 27.250096 1.558932
-27.697528 -12.360200 1.532483
15.345030 3.918915 1.457177
-33.853366 26.475532 1.533311
-22.833540 36.701071 1.478559
25.478649 19.649633 1.410483
44.244331 14.466069 1.470333
-14.152003 47.292347 1.546007
-30.214609 -16.941462 1.484368
44.481303 -2.747834 1.424162
6.326380 27.474571 1.496856
41.583305 -9.396197 1.425954
10.189977 -37.062985 1.508221
25.907124 21.041045 1.513831
31.961515 -22.823232 1.596661
-39.016622 47.632920 1.446732
41.264901 39.183730 1.422779
33.293529 -35.665363 1.498195
-46.712281 6.697237 1.454832
3.300060 -35.887151 1.495770
32.883008 -35.282150 1.580048
19.981484 28.805636 1.400017
29.179246 15.583086 1.426498
-10.432462 -38.387324 1.410349
-0.854971 30.508595 1.547752
16.816177 29.490263 1.490845
-46.207911 -16.355602 1.560019
27.884173 49.291873 1.522961
49.067856 -16.547365 1.463033
43.954758 47.617214 1.440935
-1.606942 -7.878759 1.445065
37.952119 -38.728700 1.463904
-41.003087 -38.880399 1.539377
4.257980 -36.135378 1.400305
-28.879941 14.837669 1.557399
-22.686119 14.393399 1.596424
25.878746 44.089580 1.509639
22.115582 -3.410500 1.556143
21.198573 -15.589124 1.579678
-19.682252 0.388727 1.529912
-14.280973 -20.321579 1.484868
42.302241 -26.232609 1.461417
16.276386 -42.779068 1.523237
41.395109 27.589972 1.585834
22.575000 18.020453 1.496121
-24.537547 -2.544055 1.572477
-21.331864 -24.644118 1.442816
33.068023 -25.737291 1.588676
1.142685 5.104438 1.444841
46.358065 40.005154 1.492283
32.881920 46.425277 1.435956
-23.083824 30.166903 1.475621
-1.182506 25.614986 1.418256
-25.729230 -31.163719 1.549722
24.704264 4.557212 1.459002
12.335641 25.118500 1.555480
-24.644175 5.344955 1.570655
-18.345108 -26.225598 1.577463
-49.795256 -8.866745 1.584562
-49.447932 28.605295 1.556224
23.155155 -31.305659 1.462940
9.193430 13.980085 1.546450
33.626988 -31.218772 1.494457
-17.015135 26.625382 1.539648
-10.781597 -6.298462 1.520757
-32.077092 -19.679270 1.409953
32.924226 -42.538119 1.578718
29.977347 29.266232 1.448247
-22.660721 41.263145 1.553315
-27.975598 14.124962 1.471921
2.458978 28.046429 1.593454
45.500049 19.324989 1.415254
2.153084 -13.119800 1.542877
-19.022644 -13.581130 1.481890
-1.342918 29.578694 1.557390
13.863940 11.237365 1.590969
42.864278 19.921947 1.502016
-29.323387 -38.160557 1.543178
-10.714077 28.500036 1.509921
27.916580 -6.036654 1.442426
-14.578072 -13.656301 1.561102
37.371690 5.986898 1.469020
-42.984681 -43.525983 1.503378
-45.642202 -8.490907 1.485449
26.722729 28.898628 1.530021
41.317280 19.522702 1.449613
6.418732 -20.366224 1.434137
-26.243962 17.732055 1.545583
42.916995 5.935036 1.408027
-21.680692 12.614061 1.439219
46.069997 -1.564529 1.433331
-20.245055 41.353533 1.570082
19.130747 30.464145 1.486187
-43.679219 -16.634780 1.487065
-36.672784 40.525416 1.545126
-44.321401 -9.785749 1.420770
-20.759234 -0.440444 1.598725
-9.711534 -21.759746 1.511046
7.123072 17.475124 1.430359
26.423655 2.376969 1.505121
44.673998 35.878116 1.518983
-29.645469 48.598096 1.410231
22.115443 -5.756063 1.411543
-41.981170 22.468038 1.407990
3.775103 48.148230 1.407548
-48.525060 39.309299 1.428686
28.359247 33.868839 1.561707
5.154759 36.032112 1.444355
19.227638 -41.087550 1.527588
0.588251 -13.265856 1.401592
36.094495 40.175828 1.563757
5.709273 -44.247544 1.442129
0.615826 -49.815661 1.455740
-14.094832 8.154484 1.463819
-5.763803 27.767182 1.439529
-34.013375 37.200441 1.548205
48.222820 -19.062008 1.504680
8.883287 1.400585 1.405722
10.041396 -34.263322 1.517939
-10.644474 -1.669854 1.402845
9.630724 -36.421331 1.559451
17.302207 -1.806478 1.412222
31.867428 -4.135663 1.494582
40.188043 40.430895 1.532906
18.497047 -20.136552 1.468713
35.645853 -0.143549 1.458950
43.857786 17.811817 1.481021
-13.233008 -7.161303 1.449855
35.165994 34.868237 1.475747
1.973981 -23.302640 1.585425
42.795124 -42.351803 1.437439
27.616473 -49.935200 1.549254
-8.367699 -35.912276 1.561889
-49.389840 4.958947 1.470461
20.252829 -10.698559 1.515823
41.251284 10.334432 1.482767
-35.306092 10.505960 1.466873
-20.560388 41.559322 1.592820
42.063823 -33.333670 1.400118
-43.511959 -5.500772 1.496114
15.785605 8.667575 1.565494
-48.132703 33.664815 1.451344
48.229678 -3.798372 1.471384
-25.920274 -42.038147 1.589823
35.778674 32.174103 1.404830
-24.175345 -15.019517 1.507223
36.660428 -48.187168 1.488103
26.235691 43.252061 1.573429
-45.325668 11.500815 1.400025
7.601031 -49.472162 1.402550
-0.676556 29.129540 1.557547
-15.563228 28.826805 1.549582
-34.315414 -39.168928 1.521528
32.142735 22.939848 1.420457
13.211303 42.366406 1.431935
41.837314 -40.258119 1.414860
-5.805879 20.589761 1.411339
11.776237 23.222845 1.413333
10.060244 -17.477721 1.456151
33.301470 -2.201506 1.403293
-37.173908 18.121005 1.501257
-30.326234 6.989389 1.405476
19.952881 48.065426 1.492678
-23.132765 7.625668 1.525581
41.275846 23.144887 1.456356
-0.898360 1.261595 1.503240
7.303205 44.973023 1.533533
13.912932 34.652806 1.466533
-47.860281 12.264577 1.553217
31.300031 -40.372511 1.438605
-44.249734 -5.277780 1.535534
-22.574637 -11.922146 1.587833
-9.277378 -24.890543 1.525361
6.408486 7.416086 1.466369
-7.795115 -12.504544 1.528291
45.869056 21.223305 1.566083
-35.332093 -26.493455 1.476205
2.405410 27.723606 1.465281
-21.338360 -33.810229 1.512453
-45.659844 -5.003081 1.514814
-10.345098 29.943640 1.586387
23.310224 -25.067564 1.552179
35.495874 -20.837863 1.498971
27.425507 40.496594 1.557177
23.949547 20.036542 1.425913
18.847252 -34.237286 1.457355
-16.437894 28.310111 1.413464
17.005995 19.762555 1.473104
23.755665 -38.544302 1.512339
31.164334 -21.032863 1.530833
10.135617 49.307016 1.504138
29.660414 2.570442 1.555379
20.917307 -42.818682 1.467822
27.818960 -46.739488 1.515069
-46.398476 -19.180609 1.407655
29.749051 -7.698170 1.520845
-25.812225 -26.062991 1.565466
49.347470 -17.063851 1.486633
-25.961424 -33.656746 1.577352
-43.486928 15.193186 1.499373
-11.436124 -6.932741 1.416198
-44.817545 -48.487141 1.411387
-8.074443 -7.167014 1.513673
-49.748109 -16.465641 1.578537
34.130952 38.917100 1.457750
-38.090386 14.884008 1.505098
-44.299949 -49.246831 1.415119
-37.372277 -15.864558 1.564359
25.012681 -11.877204 1.530545
-49.836511 -2.240799 1.474695
-9.729944 -31.172125 1.415044
12.905375 0.642940 1.462493
-0.655469 -16.466633 1.505374
31.731888 17.842254 1.464526
24.915071 47.602317 1.585234
-6.590680 30.444156 1.448938
-28.445033 24.323763 1.583518
-32.817299 39.653290 1.401722
-41.669376 -37.207201 1.483060
-10.680592 -8.717490 1.413433
1.091470 44.329041 1.445681
-25.869407 12.873734 1.484868
42.810955 23.723620 1.460946
-25.728452 -18.096813 1.418388
-22.016552 -32.183725 1.459531
-0.036361 -11.125565 1.573373
47.014410 -28.807987 1.477918
47.612755 27.579537 1.439478
-10.114114 12.088106 1.449980
-9.878693 -31.198563 1.417257
21.214668 -45.080845 1.503445
8.263604 -13.611527 1.530362
16.155850 31.374641 1.455214
-11.160649 22.979828 1.421895
-10.395995 -25.484781 1.466323
-17.284843 -6.348213 1.494447
0.552065 -21.435794 1.513424
32.396323 -14.999460 1.432335
-31.704402 44.121713 1.482350
-28.415698 17.356068 1.507185
27.353706 33.733847 1.563307
-1.601676 -19.372697 1.543906
49.874323 37.749027 1.529106
-42.191661 -15.241048 1.458301
-34.641647 -22.160443 1.534800
-28.620023 -16.732671 1.411788
-2.947975 -46.621661 1.493349
45.868851 17.777355 1.556673
-29.539583 28.224463 1.462784
12.894021 9.812578 1.428146
14.144819 31.971037 1.459036
17.454473 -42.672950 1.453280
12.596974 17.337974 1.500589
16.823297 49.151535 1.405124
-43.589485 -8.474640 1.493427
5.429077 46.489111 1.541636
-26.957776 20.653051 1.584445
21.787304 -20.778559 1.462510
47.101687 38.050837 1.443176
8.430818 -3.236676 1.548939
9.621250 4.348056 1.520140
40.181770 35.005005 1.406769
-7.611674 -29.403421 1.409804
41.672957 -2.612716 1.520122
-4.865897 18.869790 1.412666
-34.949098 10.501950 1.407574
17.584799 47.720407 1.469777
-31.982610 -31.722252 1.409297
-47.506614 -43.653364 1.541784
6.338059 23.757564 1.533065
