0.08 1.2095608 0.91175142
0.081 1.2364706 0.91336647
0.082 1.2601208 0.90907031
0.083 1.2834766 0.89965109
0.084 1.2949497 0.88385058
0.085 1.3048543 0.86784959
0.086 1.3090047 0.86078241
0.087 1.3066762 0.86175722
0.088 1.3055446 0.87152701
0.089 1.3056346 0.88902542
0.09 1.3102837 0.90709207
0.091 1.327033 0.92497452
0.092 1.3561295 0.93384338
0.093 1.3944608 0.94271223
0.094 1.4176017 0.9445526
0.095 1.4402352 0.94244914
0.096 1.4586792 0.94296743
0.097 1.4720787 0.94664269
0.098 1.4854781 0.95122441
0.099 1.5101997 0.95663668
0.1 1.5419271 0.95899347
0.101 1.573607 0.95495032
0.102 1.6052083 0.95073044
0.103 1.6368096 0.93898994
0.104 1.6628971 0.92724944
0.105 1.6878759 0.91123281
0.106 1.709432 0.88901365
0.107 1.7250719 0.8667945
0.108 1.7407117 0.84381768
0.109 1.7519841 0.81986741
0.11 1.754617 0.80555454
0.111 1.7572499 0.79613681
0.112 1.7598828 0.78671907
0.113 1.7624037 0.78028696
0.114 1.7648646 0.77808138
0.115 1.7673255 0.77587581
0.116 1.7697864 0.77367024
0.117 1.7808224 0.76994892
0.118 1.7953603 0.760064
0.119 1.8100243 0.75017908
0.12 1.8257848 0.73752559
0.121 1.8415453 0.72275878
0.122 1.8568538 0.70799197
0.123 1.8678838 0.6928755
0.124 1.8789139 0.67745301
0.125 1.8811403 0.66203053
0.126 1.8752648 0.64633309
0.127 1.8691569 0.63061596
0.128 1.8615979 0.63015527
0.129 1.8540388 0.63274089
0.13 1.8470044 0.63909728
0.131 1.8574495 0.64554189
0.132 1.8678945 0.64633154
0.133 1.8793687 0.63871255
0.134 1.8911676 0.62644809
0.135 1.8911837 0.61756746
0.136 1.887303 0.60980595
0.137 1.8821315 0.60640994
0.138 1.8743308 0.61190693
0.139 1.86653 0.62149898
0.14 1.8587293 0.6502715
0.141 1.8726683 0.68845928
0.142 1.8953059 0.71682508
0.143 1.9363466 0.73323769
0.144 1.9810926 0.73553549
0.145 2.0394406 0.73783329
0.146 2.1049337 0.72383577
0.147 2.1575272 0.66646649
0.148 2.1972678 0.59914068
0.149 2.2304074 0.52709024
0.15 2.2396888 0.40832334
0.151 2.2489702 0.26140798
0.152 2.2493389 0.15993038
0.153 2.240446 0.074176614
0.154 2.2315531 0.042088307
0.155 2.2114548 0.01
0.156 2.1893454 0.003
0.157 2.167236 0.001
0.158 2.1507178 0.0003
0.159 2.1372691 0.0001
0.16 2.1238204 4e-05
0.161 2.1103717 2e-05
0.162 2.0969229 1.2e-05
0.163 2.0843188 9e-06
0.164 2.0733799 7e-06
0.165 2.062441 6e-06
0.166 2.051502 5.5e-06
0.167 2.0405631 5.2e-06
0.168 2.0296242 4.900004e-06
0.169 2.0191044 4.6781661e-06
0.17 2.0116532 4.5359187e-06
0.171 2.004202 4.4007723e-06
0.172 1.9967508 4.2772632e-06
0.173 1.9892996 4.1643041e-06
0.174 1.9818484 4.0587474e-06
0.175 1.9743973 3.9498162e-06
0.176 1.967544 3.8522418e-06
0.177 1.9615516 3.7595375e-06
0.178 1.9555593 3.6654336e-06
0.179 1.9495669 3.5760902e-06
0.18 1.9435746 3.4930212e-06
0.181 1.9375823 3.4262193e-06
0.182 1.9315899 3.3534931e-06
0.183 1.9255976 3.2883952e-06
0.184 1.9196052 3.2387843e-06
0.185 1.914039 3.1769899e-06
0.186 1.9098873 3.126018e-06
0.187 1.9057357 3.1014485e-06
0.188 1.901584 3.0764095e-06
0.189 1.8974324 3.0520637e-06
0.19 1.8932807 3.0397182e-06
0.191 1.8891291 3.0222808e-06
0.192 1.8849774 2.9941766e-06
0.193 1.8808258 2.9768491e-06
0.194 1.8766741 2.9536362e-06
0.195 1.8725225 2.923465e-06
0.196 1.8683708 2.8780204e-06
0.197 1.8642192 2.8281163e-06
0.198 1.8600675 2.7719467e-06
0.199 1.8559159 2.696638e-06
0.2 1.8517642 2.6137057e-06
0.201 1.8476126 2.52149e-06
0.202 1.8440004 2.4137476e-06
0.203 1.841304 2.2957869e-06
0.204 1.8386076 2.1745371e-06
0.205 1.8359112 2.0501733e-06
0.206 1.8332148 1.9128652e-06
0.207 1.8305184 1.7870308e-06
0.208 1.827822 1.671759e-06
0.209 1.8251256 1.5519419e-06
0.21 1.8224291 1.4283282e-06
0.211 1.8197327 1.3259327e-06
0.212 1.8170363 1.2178962e-06
0.213 1.8143399 1.1177399e-06
0.214 1.8116435 1.0372371e-06
0.215 1.8089471 9.596041e-07
0.216 1.8062507 8.9228147e-07
0.217 1.8035543 8.2593477e-07
0.218 1.8008579 7.5819913e-07
0.219 1.7981615 7.1239849e-07
0.22 1.7954651 6.6571944e-07
0.221 1.7927687 6.2341779e-07
0.222 1.7900722 5.7279115e-07
0.223 1.7873758 5.3045068e-07
0.224 1.7846794 5.0309255e-07
0.225 1.781983 4.7643668e-07
0.226 1.7792866 4.4599881e-07
0.227 1.7765902 4.2056763e-07
0.228 1.7743389 3.8777782e-07
0.229 1.7727273 3.5440644e-07
0.23 1.7711157 3.2737709e-07
0.231 1.7695041 3.0608884e-07
0.232 1.7678926 2.8545435e-07
0.233 1.766281 2.7220501e-07
0.234 1.7646694 2.6257873e-07
0.235 1.7630579 2.2865731e-07
0.236 1.7614463 2.0020163e-07
0.237 1.7598347 1.8490476e-07
0.238 1.7582231 1.8064278e-07
0.239 1.7566116 1.6687881e-07
0.24 1.755 1.4895221e-07
0.241 1.7535333 1.4298935e-07
0.242 1.7520667 1.3690927e-07
0.243 1.7506 1.1816196e-07
0.244 1.7491333 9.8240334e-08
0.245 1.7476667 9.3315463e-08
0.246 1.7462 8.6298924e-08
0.247 1.7447333 7.9973321e-08
0.248 1.7432667 6.6150945e-08
0.249 1.7418 5.5324243e-08
0.25 1.7403333 5.3625624e-08
0.26 1.7287 0
0.27 1.7175074 0
0.28 1.7086589 0
0.29 1.7005196 0
0.3 1.6935 0
0.31 1.6876 0
0.32 1.6823242 0
0.33 1.6776727 0
0.34 1.6737018 0
0.35 1.6707345 0
0.36 1.6677673 0
0.37 1.6648 0
0.38 1.6624667 0
0.39 1.6601333 0
0.4 1.6578 0
0.41 1.6560689 0
0.42 1.6543379 0
0.43 1.6526068 0
0.44 1.651228 0
0.45 1.6501567 0
0.46 1.6490853 0
0.47 1.648014 0
0.48 1.6469427 0
0.49 1.6458713 0
0.5 1.6448 0
0.51 1.644 0
0.52 1.6432 0
0.53 1.6424 0
0.54 1.6416 0
0.55 1.6408 0
0.56 1.6401995 0
0.57 1.639599 0
0.58 1.6389984 0
0.59 1.6383979 0
0.6 1.6377974 0
0.61 1.6371969 0
0.62 1.6366943 0
0.63 1.6363825 0
0.64 1.6360707 0
0.65 1.6357589 0
0.66 1.6354471 0
0.67 1.6351353 0
0.68 1.6348236 0
0.69 1.6345118 0
0.7 1.6342 0
0.71 1.63401 0
0.72 1.63382 0
0.73 1.63363 0
0.74 1.63344 0
0.75 1.63325 0
0.76 1.63306 0
0.77 1.63287 0
0.78 1.63268 0
0.79 1.63249 0
0.8 1.6323 0
0.81 1.63213 0
0.82 1.63196 0
0.83 1.63179 0
0.84 1.63162 0
0.85 1.63145 0
0.86 1.63128 0
0.87 1.63111 0
0.88 1.63094 0
0.89 1.63077 0
0.9 1.6306 0
0.91 1.63045 0
0.92 1.6303 0
0.93 1.63015 0
0.94 1.63 0
0.95 1.62985 0
0.96 1.6297 0
0.97 1.62955 0
0.98 1.6294 0
0.99 1.62925 0
1 1.6291 0
1.01 1.62897 0
1.02 1.62884 0
1.03 1.62871 0
1.04 1.62858 0
1.05 1.62845 0
1.06 1.62832 0
1.07 1.62819 0
1.08 1.62806 0
1.09 1.62793 0
1.1 1.6278 0
1.11 1.6277249 0
1.12 1.6276499 0
1.13 1.6275748 0
1.14 1.6274997 0
1.15 1.6274247 0
1.16 1.6273496 0
1.17 1.6272745 0
1.18 1.6271995 0
1.19 1.6271244 0
1.2 1.6270493 0
1.21 1.6269743 0
1.22 1.6268992 0
1.23 1.6268242 0
1.24 1.6267491 0
1.25 1.626674 0
1.26 1.6265 0
1.27 1.6264 0
1.28 1.6264 0
1.29 1.6263 0
1.3 1.6262 0
1.31 1.6261 0
1.32 1.6261 0
1.33 1.626 0
1.34 1.6259 0
1.35 1.6258 0
1.36 1.6258 0
1.37 1.6257 0
1.38 1.6256 0
1.39 1.6255 0
1.4 1.6254 0
1.41 1.6254 0
1.42 1.6253 0
1.43 1.6252 0
1.44 1.6251 0
1.45 1.625 0
1.46 1.625 0
1.47 1.6249 0
1.48 1.6248 0
1.49 1.6247 0
1.5 1.6246 0
1.51 1.6245 0
1.52 1.6245 0
1.53 1.6244 0
1.54 1.6243 0
1.55 1.6242 0
1.56 1.6241 0
1.57 1.624 0
1.58 1.6239 0
1.59 1.6238 0
1.6 1.6237 0
1.61 1.6237 0
1.62 1.6236 0
1.63 1.6235 0
1.64 1.6234 0
1.65 1.6233 0
1.66 1.6232 0
1.67 1.6231 0
1.68 1.623 0
1.69 1.6229 0
1.7 1.6228 0
1.71 1.6227 0
1.72 1.6226 0
1.73 1.6225 0
1.74 1.6224 0
1.75 1.6223 0
1.76 1.6222 0
1.77 1.6221 0
1.78 1.622 0
1.79 1.6219 0
1.8 1.6218 0
1.81 1.6217 0
1.82 1.6216 0
1.83 1.6215 0
1.84 1.6214 0
1.85 1.6213 0
1.86 1.6212 0
1.87 1.6211 0
1.88 1.621 0
1.89 1.6208 0
1.9 1.6207 0
1.91 1.6206 0
1.92 1.6205 0
1.93 1.6204 0
1.94 1.6203 0
1.95 1.6202 0
1.96 1.6201 0
1.97 1.62 0
1.98 1.6198 0
1.99 1.6197 0
2 1.6196 0
2.01 1.6195 0
2.02 1.6194 0
2.03 1.6193 0
2.04 1.6191 0
2.05 1.619 0
2.06 1.6189 0
2.07 1.6188 0
2.08 1.6187 0
2.09 1.6185 0
2.1 1.6184 0
2.11 1.6183 0
2.12 1.6182 0
2.13 1.618 0
2.14 1.6179 0
2.15 1.6178 0
2.16 1.6177 0
2.17 1.6175 0
2.18 1.6174 0
2.19 1.6173 0
2.2 1.6172 0
2.21 1.617 0
2.22 1.6169 0
2.23 1.6168 0
2.24 1.6166 0
2.25 1.6165 0
2.26 1.6164 0
2.27 1.6163 0
2.28 1.6161 0
2.29 1.616 0
2.3 1.6158 0
2.31 1.6157 0
2.32 1.6156 0
2.33 1.6154 0
2.34 1.6153 0
2.35 1.6152 0
2.36 1.615 0
2.37 1.6149 0
2.38 1.6147 0
2.39 1.6146 0
2.4 1.6145 0
2.41 1.6143 0
2.42 1.6142 0
2.43 1.614 0
2.44 1.6139 0
2.45 1.6138 0
2.46 1.6136 0
2.47 1.6135 0
2.48 1.6133 0
2.49 1.6132 0
2.5 1.613 0
2.51 1.6129 0
2.52 1.6127 0
2.53 1.6126 0
2.54 1.6124 0
2.55 1.6123 0
2.56 1.6121 0
2.57 1.612 0
2.58 1.6118 0
2.59 1.6117 0
2.6 1.6115 0
2.61 1.6113 0
2.62 1.6112 0
2.63 1.611 0
2.64 1.6109 0
2.65 1.6107 0
2.66 1.6106 0
2.67 1.6104 0
2.68 1.6102 0
2.69 1.6101 0
2.7 1.6099 0
2.71 1.6098 0
2.72 1.6096 0
2.73 1.6094 0
2.74 1.6093 0
2.75 1.6091 0
2.76 1.6089 0
2.77 1.6088 0
2.78 1.6086 0
2.79 1.6084 0
2.8 1.6083 0
2.81 1.6081 0
2.82 1.6079 0
2.83 1.6078 0
2.84 1.6076 0
2.85 1.6074 0
2.86 1.6072 0
2.87 1.6071 0
2.88 1.6069 0
2.89 1.6067 0
2.9 1.6065 0
2.91 1.6064 0
2.92 1.6062 0
2.93 1.606 0
2.94 1.6058 0
2.95 1.6057 0
2.96 1.6055 0
2.97 1.6053 0
2.98 1.6051 0
2.99 1.6049 0
3 1.6048 0
3.01 1.6046 0
3.02 1.6044 0
3.03 1.6042 0
3.04 1.604 0
3.05 1.6038 0
3.06 1.6036 0
3.07 1.6035 0
3.08 1.6033 0
3.09 1.6031 0
3.1 1.6029 0
3.11 1.6027 0
3.12 1.6025 0
3.13 1.6023 0
3.14 1.6021 0
3.15 1.6019 0
3.16 1.6017 0
3.17 1.6015 0
3.18 1.6013 0
3.19 1.6011 0
3.2 1.6009 0
3.21 1.6007 0
3.22 1.6005 0
3.23 1.6003 0
3.24 1.6001 0
3.25 1.5999 0
3.26 1.5997 0
3.27 1.5995 0
3.28 1.5993 0
3.29 1.5991 1.298238e-07
3.3 1.5989 2.0382061e-07
3.31 1.5987 2.9483527e-07
3.32 1.5985 3.4598665e-07
3.33 1.5983 3.2046372e-07
3.34 1.5981 2.9722666e-07
3.35 1.5979 2.7141836e-07
3.36 1.5977 2.6630053e-07
3.37 1.5975 3.2336769e-07
3.38 1.5973 3.5736813e-07
3.39 1.597 3.3892853e-07
3.4 1.5968 3.357984e-07
3.41 1.5966 4.0635294e-07
3.42 1.5964 5.0811396e-07
3.43 1.5962 5.8038398e-07
3.44 1.596 6.3472233e-07
3.45 1.5958 6.7460416e-07
3.46 1.5955 7.3176266e-07
3.47 1.5953 8.545994e-07
3.48 1.5951 1.0352927e-06
3.49 1.5949 1.2369558e-06
3.5 1.5947 1.4583239e-06
3.51 1.5944 1.628235e-06
3.52 1.5942 1.7586816e-06
3.53 1.594 1.9065512e-06
3.54 1.5938 2.0876145e-06
3.55 1.5935 2.2827938e-06
3.56 1.5933 2.481464e-06
3.57 1.5931 2.6664755e-06
3.58 1.5929 2.8240135e-06
3.59 1.5926 3.0307608e-06
3.6 1.5924 3.2814229e-06
3.61 1.5922 3.5927324e-06
3.62 1.5919 3.9805985e-06
3.63 1.5917 4.4227051e-06
3.64 1.5915 4.8431592e-06
3.65 1.5912 5.3184087e-06
3.66 1.591 5.9531495e-06
3.67 1.5908 6.7511495e-06
3.68 1.5905 7.6854805e-06
3.69 1.5903 8.6810968e-06
3.7 1.5901 9.6275415e-06
3.71 1.5898 1.0532358e-05
3.72 1.5896 1.1388006e-05
3.73 1.5893 1.2183246e-05
3.74 1.5891 1.28151e-05
3.75 1.5889 1.3329995e-05
3.76 1.5886 1.3796565e-05
3.77 1.5884 1.4164372e-05
3.78 1.5881 1.4406944e-05
3.79 1.5879 1.4546525e-05
3.8 1.5876 1.4602872e-05
3.81 1.5874 1.4623726e-05
3.82 1.5871 1.4543085e-05
3.83 1.5869 1.4385793e-05
3.84 1.5866 1.4137583e-05
3.85 1.5864 1.3800808e-05
3.86 1.5861 1.3425404e-05
3.87 1.5859 1.3041717e-05
3.88 1.5856 1.2712244e-05
3.89 1.5854 1.2744885e-05
3.9 1.5851 1.3499665e-05
3.91 1.5849 1.5017556e-05
3.92 1.5846 1.6908423e-05
3.93 1.5844 1.8664122e-05
3.94 1.5841 2.0318658e-05
3.95 1.5838 2.2285465e-05
3.96 1.5836 2.508223e-05
3.97 1.5833 2.9236769e-05
3.98 1.5831 3.4520591e-05
3.99 1.5828 3.977939e-05
4 1.5825 4.3094664e-05
4.01 1.5823 4.1440762e-05
4.02 1.582 3.3678267e-05
4.03 1.5817 2.4459428e-05
4.04 1.5815 1.7435686e-05
4.05 1.5812 1.2781945e-05
4.06 1.5809 9.8860825e-06
4.07 1.5807 8.1267791e-06
4.08 1.5804 7.0316488e-06
4.09 1.5801 6.3633912e-06
4.1 1.5798 5.9971657e-06
4.11 1.5796 5.8495774e-06
4.12 1.5793 5.873971e-06
4.13 1.579 6.0271766e-06
4.14 1.5787 6.2261372e-06
4.15 1.5785 6.429609e-06
4.16 1.5782 6.6317929e-06
4.17 1.5779 6.8491375e-06
4.18 1.5776 7.0818978e-06
4.19 1.5773 7.3307129e-06
4.2 1.5771 7.6060658e-06
4.21 1.5768 7.8975432e-06
4.22 1.5765 8.223593e-06
4.23 1.5762 8.581615e-06
4.24 1.5759 8.9870304e-06
4.25 1.5756 9.4511965e-06
4.26 1.5753 9.992278e-06
4.27 1.5751 1.0624399e-05
4.28 1.5748 1.1379817e-05
4.29 1.5745 1.2244207e-05
4.3 1.5742 1.3169683e-05
4.31 1.5739 1.4147234e-05
4.32 1.5736 1.5205105e-05
4.33 1.5733 1.6359662e-05
4.34 1.573 1.7569382e-05
4.35 1.5727 1.8757919e-05
4.36 1.5724 1.9775504e-05
4.37 1.5721 2.0459938e-05
4.38 1.5718 2.0784431e-05
4.39 1.5715 2.0848324e-05
4.4 1.5712 2.0837003e-05
4.41 1.5709 2.0939736e-05
4.42 1.5706 2.1287089e-05
4.43 1.5703 2.1867934e-05
4.44 1.57 2.2572172e-05
4.45 1.5697 2.3319926e-05
4.46 1.5694 2.4061813e-05
4.47 1.5691 2.476814e-05
4.48 1.5688 2.5445429e-05
4.49 1.5684 2.6169438e-05
4.5 1.5681 2.7081622e-05
4.51 1.5678 2.8335246e-05
4.52 1.5675 3.0011954e-05
4.53 1.5672 3.203915e-05
4.54 1.5669 3.4255061e-05
4.55 1.5665 3.6429636e-05
4.56 1.5662 3.8305814e-05
4.57 1.5659 3.9672645e-05
4.58 1.5656 4.0474049e-05
4.59 1.5653 4.085162e-05
4.6 1.5649 4.0879283e-05
4.61 1.5646 4.0491528e-05
4.62 1.5643 3.9652792e-05
4.63 1.564 3.8472812e-05
4.64 1.5636 3.7148864e-05
4.65 1.5633 3.5821561e-05
4.66 1.563 3.4633619e-05
4.67 1.5626 3.3683844e-05
4.68 1.5623 3.3073752e-05
4.69 1.562 3.286881e-05
4.7 1.5616 3.3042702e-05
4.71 1.5613 3.3488508e-05
4.72 1.561 3.4069007e-05
4.73 1.5606 3.4684414e-05
4.74 1.5603 3.5309187e-05
4.75 1.56 3.5985588e-05
4.76 1.5596 3.6665951e-05
4.77 1.5593 3.7280922e-05
4.78 1.5589 3.7777595e-05
4.79 1.5586 3.8196514e-05
4.8 1.5582 3.8656407e-05
4.81 1.5579 3.9256094e-05
4.82 1.5575 4.005591e-05
4.83 1.5572 4.1025295e-05
4.84 1.5568 4.2176164e-05
4.85 1.5565 4.3553667e-05
4.86 1.5561 4.5210617e-05
4.87 1.5558 4.7103269e-05
4.88 1.5554 4.9020648e-05
4.89 1.5551 5.0794704e-05
4.9 1.5547 5.241397e-05
4.91 1.5544 5.3908126e-05
4.92 1.554 5.5245973e-05
4.93 1.5536 5.6482407e-05
4.94 1.5533 5.7801028e-05
4.95 1.5529 5.9366038e-05
4.96 1.5526 6.1290407e-05
4.97 1.5522 6.3660752e-05
4.98 1.5518 6.6345811e-05
4.99 1.5515 6.9032634e-05
5 1.5511 7.1533485e-05
5.01 1.5507 7.4130919e-05
5.02 1.5503 7.7161705e-05
5.03 1.55 8.1190411e-05
5.04 1.5496 8.6616822e-05
5.05 1.5492 9.3985472e-05
5.06 1.5488 0.00010376254
5.07 1.5485 0.00011622141
5.08 1.5481 0.00013177432
5.09 1.5477 0.00015079922
5.1 1.5473 0.000174
5.11 1.5469 0.000202
5.12 1.5466 0.000237
5.13 1.5462 0.00028
5.14 1.5458 0.00037
5.15 1.5454 0.00047
5.16 1.545 0.00059
5.17 1.5446 0.0007
5.18 1.5442 0.00076403759
5.19 1.5438 0.0007928781
5.2 1.5434 0.00081357838
5.21 1.543 0.00082930851
5.22 1.5426 0.00084392029
5.23 1.5422 0.00086247067
5.24 1.5418 0.00088438979
5.25 1.5414 0.00090949481
5.26 1.541 0.00093772143
5.27 1.5406 0.00096764958
5.28 1.5402 0.00099654621
5.29 1.5398 0.0010283057
5.3 1.5394 0.0010616594
5.31 1.539 0.0010956777
5.32 1.5386 0.0011317654
5.33 1.5382 0.0011728484
5.34 1.5378 0.0012166665
5.35 1.5373 0.0012592208
5.36 1.5369 0.0013015752
5.37 1.5365 0.0013427959
5.38 1.5361 0.0013807444
5.39 1.5357 0.0014172004
5.4 1.5352 0.0014515063
5.41 1.5348 0.0014882416
5.42 1.5344 0.0015438115
5.43 1.534 0.0015686668
5.44 1.5335 0.0015893294
5.45 1.5331 0.0016003465
5.46 1.5327 0.0015980652
5.47 1.5322 0.0015805237
5.48 1.5318 0.0015362603
5.49 1.5314 0.0015139178
5.5 1.5309 0.001497553
5.51 1.5305 0.0014921545
5.52 1.5301 0.0014994221
5.53 1.5296 0.0015359509
5.54 1.5292 0.0016131219
5.55 1.5287 0.0017362286
5.56 1.5283 0.0019829518
5.57 1.5278 0.0021364101
5.58 1.5274 0.002259139
5.59 1.5269 0.0023936326
5.6 1.5265 0.0024937919
5.61 1.526 0.0025293894
5.62 1.5256 0.0025232833
5.63 1.5251 0.0024935574
5.64 1.5246 0.0022943243
5.65 1.5242 0.002182596
5.66 1.5237 0.0020621647
5.67 1.5233 0.0019418514
5.68 1.5228 0.0018719887
5.69 1.5223 0.0018152567
5.7 1.5219 0.0017669864
5.71 1.5214 0.001733299
5.72 1.5209 0.0017200845
5.73 1.5204 0.0017352798
5.74 1.52 0.0017756484
5.75 1.5195 0.0018493651
5.76 1.519 0.0019579152
5.77 1.5185 0.0020828593
5.78 1.5181 0.0022833274
5.79 1.5176 0.0024898897
5.8 1.5171 0.0026398576
5.81 1.5166 0.0026798247
5.82 1.5161 0.0026983141
5.83 1.5156 0.0028110077
5.84 1.5151 0.0028833642
5.85 1.5146 0.0029302811
5.86 1.5141 0.0029275446
5.87 1.5136 0.0029012544
5.88 1.5131 0.0028479136
5.89 1.5126 0.0028031498
5.9 1.5121 0.002843627
5.91 1.5116 0.0029120127
5.92 1.5111 0.0029664296
5.93 1.5106 0.0029648287
5.94 1.5101 0.0029506409
5.95 1.5096 0.0029915778
5.96 1.5091 0.0030091449
5.97 1.5086 0.0030438354
5.98 1.5081 0.0030716733
5.99 1.5075 0.0031116889
6 1.507 0.0031561522
6.01 1.5065 0.0031589891
6.02 1.506 0.0031124098
6.03 1.5054 0.0030276117
6.04 1.5049 0.002953371
6.05 1.5044 0.0027987458
6.06 1.5039 0.0026433088
6.07 1.5033 0.0024819679
6.08 1.5028 0.0023113714
6.09 1.5022 0.0020319904
6.1 1.5017 0.0018208454
6.11 1.5012 0.0016273486
6.12 1.5006 0.0014500824
6.13 1.5001 0.0013189789
6.14 1.4995 0.0012199674
6.15 1.499 0.0011411038
6.16 1.4984 0.0010785723
6.17 1.4979 0.0010286745
6.18 1.4973 0.00098753523
6.19 1.4968 0.00095187016
6.2 1.4962 0.00092289432
6.21 1.4956 0.00089918493
6.22 1.4951 0.00087933771
6.23 1.4945 0.00086193879
6.24 1.4939 0.00084717908
6.25 1.4934 0.00083604775
6.26 1.4928 0.00082877476
6.27 1.4922 0.00082318392
6.28 1.4916 0.00081633135
6.29 1.4911 0.0008112356
6.3 1.4905 0.0008123613
6.31 1.4899 0.00081241468
6.32 1.4893 0.00081382734
6.33 1.4887 0.00081567192
6.34 1.4881 0.00081762434
6.35 1.4876 0.00082161007
6.36 1.487 0.0008296142
6.37 1.4864 0.00083884944
6.38 1.4858 0.00084278154
6.39 1.4852 0.00085008922
6.4 1.4846 0.00085817072
6.41 1.484 0.00086657312
6.42 1.4833 0.0008756437
6.43 1.4827 0.00088550724
6.44 1.4821 0.00089563102
6.45 1.4815 0.00090526351
6.46 1.4809 0.00091512916
6.47 1.4803 0.00092491845
6.48 1.4797 0.00093365906
6.49 1.479 0.00094073385
6.5 1.4784 0.00094595354
6.51 1.4778 0.00094952932
6.52 1.4771 0.00095155776
6.53 1.4765 0.00095162749
6.54 1.4759 0.00095073701
6.55 1.4752 0.00095039576
6.56 1.4746 0.00095001437
6.57 1.474 0.00095094758
6.58 1.4733 0.00095372618
6.59 1.4727 0.00095938176
6.6 1.472 0.00096788348
6.61 1.4714 0.00097948571
6.62 1.4707 0.00099584101
6.63 1.47 0.0010171105
6.64 1.4694 0.0010413436
6.65 1.4687 0.0010699496
6.66 1.4681 0.0011020428
6.67 1.4674 0.0011378174
6.68 1.4667 0.0011784386
6.69 1.466 0.0012208642
6.7 1.4654 0.0012680175
6.71 1.4647 0.0013218125
6.72 1.464 0.0013804598
6.73 1.4633 0.0014367617
6.74 1.4626 0.0014926127
6.75 1.4619 0.001553916
6.76 1.4612 0.001615829
6.77 1.4605 0.0016689287
6.78 1.4598 0.0017225707
6.79 1.4591 0.0017705238
6.8 1.4584 0.0018043916
6.81 1.4577 0.0018296051
6.82 1.457 0.0018597219
6.83 1.4563 0.0018901163
6.84 1.4556 0.0019144906
6.85 1.4549 0.0019237201
6.86 1.4542 0.0019357816
6.87 1.4534 0.0019545325
6.88 1.4527 0.0019663148
6.89 1.452 0.0019724033
6.9 1.4512 0.0019764614
6.91 1.4505 0.0019824151
6.92 1.4498 0.0019884719
6.93 1.449 0.0019945337
6.94 1.4483 0.0020006523
6.95 1.4475 0.0020067751
6.96 1.4468 0.0020130109
6.97 1.446 0.0020192596
6.98 1.4453 0.0020255215
6.99 1.4445 0.0020318781
7 1.4437 0.0020382566
7.01 1.443 0.0020447032
7.02 1.4422 0.0020511865
7.03 1.4414 0.0020577327
7.04 1.4406 0.0020642783
7.05 1.4399 0.002070925
7.06 1.4391 0.0020776156
7.07 1.4383 0.0020843683
7.08 1.4375 0.0020911211
7.09 1.4367 0.0020979535
7.1 1.4359 0.002104869
7.11 1.4351 0.0021117627
7.12 1.4343 0.0021187665
7.13 1.4335 0.0021258027
7.14 1.4327 0.0021328833
7.15 1.4319 0.0021400571
7.16 1.431 0.002147289
7.17 1.4302 0.0021545495
7.18 1.4294 0.0021619112
7.19 1.4286 0.0021692917
7.2 1.4277 0.0021767414
7.21 1.4269 0.0021842359
7.22 1.426 0.0021918202
7.23 1.4252 0.0021993407
7.24 1.4243 0.0022070964
7.25 1.4235 0.0022147999
7.26 1.4226 0.0022226182
7.27 1.4218 0.0022305222
7.28 1.4209 0.0022383879
7.29 1.42 0.0022464059
7.3 1.4192 0.002254446
7.31 1.4183 0.0022625671
7.32 1.4174 0.002270787
7.33 1.4165 0.0022789434
7.34 1.4156 0.0022873016
7.35 1.4148 0.0022956699
7.36 1.4139 0.0023041233
7.37 1.413 0.0023126763
7.38 1.412 0.0023212176
7.39 1.4111 0.0023298546
7.4 1.4102 0.0023386604
7.41 1.4093 0.0023473987
7.42 1.4084 0.0023562677
7.43 1.4075 0.0023652909
7.44 1.4065 0.0023742346
7.45 1.4056 0.002383361
7.46 1.4047 0.0023925497
7.47 1.4037 0.0024018056
7.48 1.4028 0.0024111088
7.49 1.4018 0.0024205185
7.5 1.4009 0.0024299372
7.51 1.3999 0.0024395951
7.52 1.3989 0.0024491951
7.53 1.398 0.0024588928
7.54 1.397 0.0024686747
7.55 1.396 0.0024786076
7.56 1.395 0.0024885931
7.57 1.394 0.0024986314
7.58 1.393 0.0025087716
7.59 1.392 0.0025190084
7.6 1.391 0.0025293782
7.61 1.39 0.0025396965
7.62 1.389 0.0025502834
7.63 1.388 0.0025608527
7.64 1.387 0.0025715831
7.65 1.3859 0.0025823305
7.66 1.3849 0.0025932208
7.67 1.3838 0.0026042301
7.68 1.3828 0.0026152374
7.69 1.3817 0.0026264689
7.7 1.3807 0.0026377158
7.71 1.3796 0.00264906
7.72 1.3786 0.0026605736
7.73 1.3775 0.0026721107
7.74 1.3764 0.0026838983
7.75 1.3753 0.0026956416
7.76 1.3742 0.002707402
7.77 1.3731 0.0027195146
7.78 1.372 0.0027316176
7.79 1.3709 0.0027438002
7.8 1.3698 0.0027562024
7.81 1.3687 0.0027685812
7.82 1.3676 0.0027811902
7.83 1.3664 0.0027938215
7.84 1.3653 0.002806671
7.85 1.3642 0.002819525
7.86 1.363 0.0028325615
7.87 1.3619 0.0028457755
7.88 1.3607 0.002858981
7.89 1.3595 0.0028723933
7.9 1.3584 0.0028859513
7.91 1.3572 0.0028996076
7.92 1.356 0.0029133804
7.93 1.3548 0.0029273353
7.94 1.3536 0.0029414184
7.95 1.3524 0.0029556246
7.96 1.3512 0.0029699483
7.97 1.35 0.0029844102
7.98 1.3487 0.0029990722
7.99 1.3475 0.0030137439
8 1.3463 0.0030286124
8.01 1.345 0.0030436964
8.02 1.3438 0.0030588895
8.03 1.3425 0.003074226
8.04 1.3412 0.0030897226
8.05 1.3399 0.0031053983
8.06 1.3387 0.0031212351
8.07 1.3374 0.0031371849
8.08 1.3361 0.003153292
8.09 1.3348 0.003169609
8.1 1.3334 0.0031860542
8.11 1.3321 0.0032026281
8.12 1.3308 0.0032194071
8.13 1.3295 0.0032363949
8.14 1.3281 0.0032535923
8.15 1.3268 0.0032708243
8.16 1.3254 0.0032883457
8.17 1.324 0.0033061729
8.18 1.3226 0.0033239784
8.19 1.3213 0.0033419852
8.2 1.3199 0.0033603436
8.21 1.3185 0.0033786266
8.22 1.317 0.0033973437
8.23 1.3156 0.0034160726
8.24 1.3142 0.0034352818
8.25 1.3128 0.0034545088
8.26 1.3113 0.0034739367
8.27 1.3099 0.0034935441
8.28 1.3084 0.0035135109
8.29 1.3069 0.0035335505
8.3 1.3054 0.0035538088
8.31 1.3039 0.0035743926
8.32 1.3024 0.0035951689
8.33 1.3009 0.0036162898
8.34 1.2994 0.0036374028
8.35 1.2979 0.0036589957
8.36 1.2963 0.0036806593
8.37 1.2948 0.003702624
8.38 1.2932 0.0037249124
8.39 1.2916 0.0037472888
8.4 1.29 0.0037700232
8.41 1.2884 0.0037931435
8.42 1.2868 0.0038163166
8.43 1.2852 0.0038398735
8.44 1.2836 0.0038637498
8.45 1.2819 0.0038877813
8.46 1.2803 0.0039122103
8.47 1.2786 0.0039368128
8.48 1.277 0.0039616709
8.49 1.2753 0.0039869163
8.5 1.2736 0.0040125718
8.51 1.2719 0.004038495
8.52 1.2701 0.0040646602
8.53 1.2684 0.0040912247
8.54 1.2667 0.0041180003
8.55 1.2649 0.0041452273
8.56 1.2631 0.0041728063
8.57 1.2614 0.0042004896
8.58 1.2596 0.0042287544
8.59 1.2577 0.0042572122
8.6 1.2559 0.0042860558
8.61 1.2541 0.0043153297
8.62 1.2522 0.0043451186
8.63 1.2504 0.0043751983
8.64 1.2485 0.0044057
8.65 1.2466 0.0044364854
8.66 1.2447 0.0044676943
8.67 1.2428 0.0044994278
8.68 1.2408 0.0045312801
8.69 1.2389 0.0045638555
8.7 1.2369 0.004596818
8.71 1.2349 0.0046302309
8.72 1.2329 0.0046640629
8.73 1.2309 0.0046984209
8.74 1.2289 0.0047329866
8.75 1.2268 0.0047682785
8.76 1.2248 0.004804035
8.77 1.2227 0.004840392
8.78 1.2206 0.0048771132
8.79 1.2185 0.0049143894
8.8 1.2164 0.0049520952
8.81 1.2142 0.0049903352
8.82 1.2121 0.0050294406
8.83 1.2099 0.0050688756
8.84 1.2077 0.0051088631
8.85 1.2055 0.0051492059
8.86 1.2032 0.0051906916
8.87 1.201 0.0052325543
8.88 1.1987 0.0052748504
8.89 1.1964 0.0053179737
8.9 1.1941 0.0053618192
8.91 1.1917 0.0054061423
8.92 1.1894 0.0054512818
8.93 1.187 0.0054969796
8.94 1.1846 0.0055436435
8.95 1.1822 0.0055908832
8.96 1.1797 0.0056388332
8.97 1.1772 0.0056877278
8.98 1.1747 0.0057373031
8.99 1.1722 0.0057877761
9 1.1697 0.0058389366
9.01 1.1671 0.0058910056
9.02 1.1645 0.005944017
9.03 1.1619 0.0059977816
9.04 1.1593 0.0060524665
9.05 1.1566 0.0061079191
9.06 1.1539 0.0061646417
9.07 1.1512 0.0062223776
9.08 1.1485 0.0062808002
9.09 1.1457 0.0063405747
9.1 1.1429 0.0064012113
9.11 1.1401 0.0064629345
9.12 1.1372 0.0065259325
9.13 1.1344 0.0065902054
9.14 1.1314 0.0066552551
9.15 1.1285 0.006722062
9.16 1.1255 0.0067897577
9.17 1.1225 0.0068588003
9.18 1.1195 0.0069293004
9.19 1.1164 0.0070006604
9.2 1.1133 0.0070740686
9.21 1.1101 0.0071485205
9.22 1.107 0.0072245471
9.23 1.1037 0.0073022816
9.24 1.1005 0.0073817215
9.25 1.0972 0.0074621855
9.26 1.0939 0.007544477
9.27 1.0905 0.0076294553
9.28 1.0871 0.0077152601
9.29 1.0837 0.0078029108
9.3 1.0802 0.0078931513
9.31 1.0767 0.007984837
9.32 1.0731 0.0080784584
9.33 1.0695 0.0081746092
9.34 1.0658 0.0082731383
9.35 1.0621 0.0083741906
9.36 1.0583 0.0084771991
9.37 1.0545 0.0085822412
9.38 1.0507 0.0086901053
9.39 1.0468 0.0088008791
9.4 1.0428 0.0089148472
9.41 1.0388 0.0090316153
9.42 1.0347 0.0091505651
9.43 1.0306 0.0092729448
9.44 1.0264 0.0093987567
9.45 1.0221 0.0095281829
9.46 1.0178 0.0096614503
9.47 1.0135 0.0097974957
9.48 1.009 0.0099376714
9.49 1.0045 0.01008228
9.5 0.99996 0.010231456
9.51 0.99531 0.010385379
9.52 0.99059 0.010543385
9.53 0.9858 0.010705762
9.54 0.98092 0.010873652
9.55 0.97597 0.011047355
9.56 0.97093 0.011227229
9.57 0.96581 0.011412351
9.58 0.96059 0.011605295
9.59 0.95528 0.011803774
9.6 0.94988 0.012010478
9.61 0.94438 0.012224073
9.62 0.93877 0.012445304
9.63 0.93305 0.012676413
9.64 0.92722 0.012916112
9.65 0.92128 0.013165755
9.66 0.91521 0.013426567
9.67 0.90901 0.013696511
9.68 0.90268 0.013981787
9.69 0.89621 0.014277345
9.7 0.8896 0.014589131
9.71 0.88283 0.014916386
9.72 0.87589 0.015258124
9.73 0.86879 0.015620411
9.74 0.8615 0.016000048
9.75 0.85403 0.016401766
9.76 0.84635 0.01682822
9.77 0.83846 0.017278893
9.78 0.83034 0.01775807
9.79 0.82197 0.018270039
9.8 0.81335 0.018814849
9.81 0.80444 0.019399231
9.82 0.79522 0.020024267
9.83 0.78568 0.020701179
9.84 0.77579 0.021431157
9.85 0.7655 0.022221894
9.86 0.7548 0.023084651
9.87 0.74362 0.024022991
9.88 0.73193 0.025061347
9.89 0.71966 0.026202849
9.9 0.70675 0.027470526
9.91 0.69312 0.02888852
9.92 0.67866 0.030485809
9.93 0.66325 0.032281498
9.94 0.64674 0.034331726
9.95 0.62894 0.036718611
9.96 0.60962 0.03944928
9.97 0.58845 0.042690914
9.98 0.56503 0.046559848
9.99 0.53876 0.051196287
10 0.50884 0.056896735
10.01 0.47421 0.064042194
10.02 0.43257 0.073206663
10.03 0.38078 0.085289142
10.04 0.3126 0.10173763
10.05 0.21604 0.12495913
10.06 0.11753 0.20886712
10.07 0.089159 0.34838728
10.081 0.086309 0.47776745
10.091 0.09543 0.6127676
10.101 0.11853 0.76987776
10.111 0.19841 0.96427791
10.121 0.56088 0.98394807
10.132 0.86188 0.97287824
10.142 1.2039 0.8257084
10.152 1.5434 0.33508857
10.163 1.2853 0.14968874
10.173 1.1196 0.091717908
10.183 1.0078 0.064598072
10.194 0.92481 0.049839254
10.204 0.85887 0.041055421
10.215 0.80366 0.035557606
10.225 0.75549 0.032046775
10.235 0.71206 0.029838945
10.246 0.6718 0.028549133
10.256 0.63361 0.027957305
10.267 0.59661 0.027938496
10.277 0.56012 0.028433671
10.288 0.5235 0.029434865
10.299 0.48616 0.03098606
10.309 0.44743 0.033196238
10.32 0.40652 0.036279435
10.331 0.36241 0.040645634
10.341 0.31358 0.047146816
10.352 0.25761 0.057832018
10.363 0.19101 0.078858221
10.373 0.11909 0.12825241
10.384 0.077018 0.20154261
10.395 0.059482 0.26577282
10.406 0.050466 0.31955303
10.417 0.044971 0.36632324
10.428 0.041269 0.40827345
10.438 0.038614 0.44671364
10.449 0.036632 0.48248386
10.46 0.035109 0.51618407
10.471 0.033917 0.54822429
10.482 0.032973 0.57891451
10.493 0.032218 0.60848473
10.504 0.031614 0.63713495
10.515 0.031132 0.66500517
10.526 0.03075 0.6922254
10.537 0.030451 0.71889562
10.549 0.030225 0.74511587
10.56 0.03006 0.7709361
10.571 0.029949 0.79644633
10.582 0.029886 0.82168656
10.593 0.029866 0.8467168
10.604 0.029885 0.87158703
10.616 0.02994 0.89632729
10.627 0.030029 0.92098753
10.638 0.03015 0.94559777
10.65 0.0303 0.97019803
10.661 0.03048 0.99480827
10.672 0.030688 1.0194285
10.684 0.030924 1.0442288
10.695 0.031187 1.069029
10.707 0.031478 1.0940293
10.718 0.031796 1.1191296
10.73 0.032142 1.1444298
10.741 0.032516 1.1699301
10.753 0.03292 1.1956304
10.764 0.033354 1.2216306
10.776 0.033819 1.2479309
10.787 0.034316 1.2745312
10.799 0.034848 1.3015315
10.811 0.035415 1.3288317
10.823 0.03602 1.356632
10.834 0.036664 1.3847323
10.846 0.03735 1.4134326
10.858 0.038081 1.4425329
10.87 0.038859 1.4722332
10.881 0.039688 1.5024335
10.893 0.040572 1.5333338
10.905 0.041513 1.5649341
10.917 0.042517 1.5971344
10.929 0.043589 1.6301347
10.941 0.044734 1.663935
10.953 0.045957 1.6986353
10.965 0.047267 1.7343356
10.977 0.04867 1.7709359
10.989 0.050175 1.8086363
11.001 0.051792 1.8474366
11.013 0.053532 1.8875369
11.025 0.055406 1.9289372
11.038 0.057429 1.9718376
11.05 0.059618 2.0162379
11.062 0.061989 2.0623383
11.074 0.064565 2.1102386
11.086 0.067369 2.1602389
11.099 0.07043 2.2122393
11.111 0.073782 2.2667396
11.123 0.077462 2.32384
11.136 0.081517 2.3837403
11.148 0.086001 2.4467407
11.161 0.090978 2.5133411
11.173 0.096529 2.5837414
11.186 0.10275 2.6585418
11.198 0.10975 2.7382422
11.211 0.11768 2.8233425
11.223 0.12673 2.9147429
11.236 0.13711 3.0132433
11.249 0.14913 3.1199437
11.261 0.16317 3.2362441
11.274 0.17973 3.3636445
11.287 0.19951 3.5043449
11.299 0.22344 3.6608452
11.312 0.25286 3.8366456
11.325 0.2897 4.0361461
11.338 0.33686 4.2653465
11.351 0.39886 4.5328469
11.364 0.48312 4.8505473
11.377 0.6025 5.2362477
11.39 0.78101 5.7166482
11.403 1.0677 6.3336486
11.416 1.5753 7.148649
11.429 2.5959 8.2119494
11.442 4.8724 9.1830499
11.455 8.4235 7.7762503
11.468 9.1421 4.2399508
11.481 8.0729 2.2916512
11.494 7.0643 1.4145516
11.507 6.3012 0.9692021
11.521 5.722 0.71406258
11.534 5.2688 0.55434304
11.547 4.903 0.44780349
11.561 4.5999 0.37342399
11.574 4.3429 0.31982445
11.587 4.1208 0.28040492
11.601 3.9256 0.25111543
11.614 3.7514 0.2293959
11.628 3.5937 0.21356641
11.641 3.4492 0.20256689
11.655 3.315 0.19570741
11.669 3.1889 0.19262793
11.682 3.0688 0.19322842
11.696 2.9529 0.19764894
11.71 2.8396 0.20630948
11.723 2.7273 0.21997997
11.737 2.6144 0.23988051
11.751 2.4991 0.26789105
11.765 2.3797 0.3069316
11.779 2.2548 0.36150214
11.792 2.1236 0.43855266
11.806 1.9882 0.54868321
11.82 1.8569 0.70638377
11.834 1.7511 0.92590433
11.848 1.7065 1.2085649
11.862 1.7596 1.5332655
11.876 1.9367 1.863566
11.891 2.257 2.1484667
11.905 2.7197 2.3064672
11.919 3.2499 2.2362678
11.933 3.6797 1.9204684
11.947 3.8878 1.495269
11.962 3.9068 1.1106696
11.976 3.8283 0.81911023
11.99 3.7157 0.61100083
12.005 3.5986 0.46334148
12.019 3.4882 0.35700209
12.034 3.3877 0.27883274
12.048 3.2973 0.22021336
12.063 3.2162 0.17553402
12.077 3.1431 0.14107465
12.092 3.0771 0.11429532
12.107 3.0172 0.093420996
12.121 2.9625 0.077139631
12.136 2.9123 0.064466315
12.151 2.8662 0.054629004
12.165 2.8236 0.047005651
12.18 2.784 0.041092348
12.195 2.7471 0.036479049
12.21 2.7127 0.032840755
12.225 2.6804 0.029922465
12.24 2.65 0.027530179
12.255 2.6214 0.025523897
12.27 2.5943 0.02380262
12.285 2.5685 0.022296347
12.3 2.5441 0.020961079
12.315 2.5208 0.019762814
12.33 2.4986 0.018679554
12.346 2.4773 0.017696349
12.361 2.4569 0.016799098
12.376 2.4374 0.015977851
12.392 2.4186 0.01522566
12.407 2.4004 0.014532423
12.422 2.383 0.01389419
12.438 2.3662 0.013305013
12.453 2.3499 0.012758789
12.469 2.3342 0.012253622
12.484 2.3189 0.011783408
12.5 2.3042 0.011345251
12.516 2.2899 0.010937098
12.531 2.276 0.010556898
12.547 2.2625 0.010199756
12.563 2.2493 0.0098659186
12.579 2.2366 0.0095524867
12.594 2.2241 0.0092577052
12.61 2.212 0.0089802832
12.626 2.2002 0.0087187665
12.642 2.1886 0.0084718549
12.658 2.1774 0.0082385485
12.674 2.1664 0.0080176474
12.69 2.1556 0.0078083514
12.706 2.1451 0.0076097607
12.723 2.1349 0.0074212325
12.739 2.1248 0.0072418526
12.755 2.1149 0.007071178
12.771 2.1053 0.0069086086
12.788 2.0958 0.0067536032
12.804 2.0865 0.0066055448
12.821 2.0774 0.006464251
12.837 2.0685 0.0063292034
12.853 2.0597 0.0061998612
12.87 2.0511 0.0060761847
12.887 2.0426 0.0059578143
12.903 2.0343 0.0058441887
12.92 2.0261 0.00573533
12.937 2.0181 0.0056308773
12.953 2.0102 0.0055305686
12.97 2.0024 0.0054342277
12.987 1.9947 0.0053416929
13.004 1.9871 0.0052527642
13.021 1.9797 0.0051672417
13.038 1.9723 0.0050850252
13.055 1.9651 0.0050059149
13.072 1.958 0.0049297107
13.089 1.9509 0.0048564127
13.106 1.944 0.0047858208
13.123 1.9371 0.0047177351
13.141 1.9303 0.0046523216
13.158 1.9237 0.0045891487
13.175 1.9171 0.0045282819
13.193 1.9105 0.0044696885
13.21 1.9041 0.0044131345
13.228 1.8977 0.0043586547
13.245 1.8914 0.0043061135
13.263 1.8852 0.0042554473
13.28 1.879 0.004206519
13.298 1.8729 0.0041594664
13.316 1.8668 0.0041140209
13.333 1.8609 0.0040701121
13.351 1.8549 0.0040278802
13.369 1.8491 0.0039872554
13.387 1.8432 0.0039479376
13.405 1.8375 0.0039101269
13.423 1.8318 0.0038736232
13.441 1.8261 0.0038385267
13.459 1.8205 0.0038046372
13.477 1.8149 0.0037720548
13.495 1.8094 0.0037405795
13.514 1.8039 0.0037104856
13.532 1.7985 0.0036813249
13.55 1.7931 0.0036533714
13.569 1.7877 0.0036265004
13.587 1.7824 0.0036006615
13.605 1.7771 0.0035758298
13.624 1.7719 0.0035520818
13.643 1.7666 0.0035293419
13.661 1.7615 0.0035074324
13.68 1.7563 0.0034865079
13.699 1.7512 0.0034664915
13.717 1.7461 0.0034472043
13.736 1.741 0.0034290035
13.755 1.736 0.0034116106
13.774 1.7309 0.0033950257
13.793 1.7259 0.0033792489
13.812 1.721 0.0033642801
13.831 1.716 0.0033500193
13.85 1.7111 0.0033365665
13.87 1.7062 0.0033240038
13.889 1.7013 0.0033120676
13.908 1.6964 0.0033009393
13.928 1.6916 0.0032905025
13.947 1.6867 0.0032807908
13.966 1.6819 0.0032716871
13.986 1.6771 0.0032633762
14.006 1.6723 0.0032557742
14.025 1.6675 0.0032487955
14.045 1.6627 0.0032425109
14.065 1.658 0.0032368352
14.085 1.6532 0.0032318684
14.104 1.6485 0.0032275233
14.124 1.6437 0.003223874
14.144 1.639 0.0032208336
14.164 1.6343 0.0032184021
14.184 1.6296 0.0032166796
14.205 1.6249 0.0032156555
14.225 1.6201 0.0032150513
14.245 1.6154 0.003215156
14.265 1.6107 0.0032159697
14.286 1.606 0.0032173836
14.306 1.6013 0.0032193156
14.327 1.5966 0.0032220487
14.347 1.5919 0.003225199
14.368 1.5872 0.0032291513
14.388 1.5825 0.0032335199
14.409 1.5778 0.0032386914
14.43 1.5731 0.0032444728
14.451 1.5684 0.003250864
14.472 1.5637 0.003257865
14.493 1.559 0.0032655758
14.514 1.5542 0.0032737964
14.535 1.5495 0.0032827268
14.556 1.5447 0.003292367
14.577 1.54 0.003302617
14.599 1.5352 0.0033135751
14.62 1.5304 0.0033251451
14.641 1.5256 0.0033373249
14.663 1.5208 0.0033503141
14.684 1.516 0.0033639138
14.706 1.5111 0.003378324
14.728 1.5063 0.0033933448
14.749 1.5014 0.0034090746
14.771 1.4965 0.0034256163
14.793 1.4916 0.0034428685
14.815 1.4867 0.0034608314
14.837 1.4818 0.003479605
14.859 1.4768 0.0034991891
14.881 1.4718 0.0035195838
14.903 1.4668 0.0035406891
14.925 1.4618 0.0035626049
14.948 1.4567 0.0035855373
14.97 1.4516 0.0036091747
14.993 1.4465 0.0036338295
15.015 1.4413 0.0036592884
15.038 1.4362 0.0036857657
15.06 1.431 0.003713046
15.083 1.4257 0.0037413456
15.106 1.4205 0.0037706567
15.129 1.4152 0.0038009791
15.152 1.4098 0.0038324128
15.175 1.4045 0.0038647579
15.198 1.399 0.0038983143
15.221 1.3936 0.003932982
15.244 1.3881 0.0039687609
15.267 1.3826 0.0040057511
15.291 1.377 0.0040440659
15.314 1.3714 0.0040835789
15.337 1.3657 0.0041243031
15.361 1.36 0.0041665533
15.385 1.3542 0.0042102156
15.408 1.3484 0.0042551741
15.432 1.3426 0.00430166
15.456 1.3366 0.0043497579
15.48 1.3307 0.0043994677
15.504 1.3246 0.0044507895
15.528 1.3185 0.0045037232
15.552 1.3124 0.0045585688
15.576 1.3062 0.0046151262
15.601 1.2999 0.0046738152
15.625 1.2935 0.0047342967
15.649 1.2871 0.0047967898
15.674 1.2806 0.004861616
15.699 1.274 0.0049286549
15.723 1.2674 0.004997884
15.748 1.2606 0.0050697475
15.773 1.2538 0.0051440235
15.798 1.2469 0.005221012
15.823 1.2399 0.0053007129
15.848 1.2329 0.0053833262
15.873 1.2257 0.0054688518
15.898 1.2184 0.0055576897
15.924 1.211 0.0056498662
15.949 1.2035 0.005745429
15.974 1.1959 0.005844604
16 1.1882 0.0059478189
16.026 1.1804 0.0060550468
16.051 1.1725 0.0061663589
16.077 1.1644 0.0062822121
16.103 1.1562 0.0064028783
16.129 1.1478 0.0065284572
16.155 1.1393 0.0066593489
16.181 1.1307 0.0067958533
16.207 1.1219 0.0069381702
16.234 1.1129 0.007086932
16.26 1.1038 0.0072421745
16.287 1.0945 0.0074046626
16.313 1.085 0.0075745304
16.34 1.0754 0.0077525447
16.367 1.0655 0.0079391721
16.393 1.0554 0.0081347776
16.42 1.0451 0.0083402307
16.447 1.0345 0.0085562968
16.474 1.0238 0.0087836759
16.502 1.0127 0.0090233047
16.529 1.0014 0.0092759099
16.556 0.98985 0.0095426276
16.584 0.97797 0.0098248964
16.611 0.96577 0.01012374
16.639 0.95325 0.010440735
16.667 0.94037 0.010777243
16.694 0.92712 0.011136025
16.722 0.91347 0.011517959
16.75 0.8994 0.011926907
16.779 0.88488 0.012364009
16.807 0.86987 0.012832982
16.835 0.85435 0.013337969
16.863 0.83828 0.013882968
16.892 0.8216 0.014472123
16.92 0.80427 0.015112147
16.949 0.78624 0.015810329
16.978 0.76745 0.016573523
17.007 0.74781 0.017413731
17.036 0.72724 0.018341951
17.065 0.70566 0.019373184
17.094 0.68293 0.020528431
17.123 0.65892 0.021831689
17.153 0.63347 0.023316108
17.182 0.60637 0.025025392
17.212 0.57735 0.027020837
17.241 0.54609 0.029390146
17.271 0.51215 0.032261616
17.301 0.47493 0.035841099
17.331 0.43359 0.040474595
17.361 0.38684 0.046805103
17.391 0.33266 0.056195624
17.422 0.26768 0.072153308
17.452 0.18827 0.10605585
17.483 0.11467 0.18024056
17.513 0.080651 0.26590513
17.544 0.065795 0.33878987
17.575 0.057736 0.40187461
17.606 0.052756 0.45854937
17.637 0.049469 0.51081414
17.668 0.047263 0.55993893
17.699 0.04585 0.60675372
17.73 0.045106 0.65186853
17.762 0.045011 0.6956935
17.794 0.045614 0.73857849
17.825 0.047005 0.78080333
17.857 0.049297 0.82256834
17.889 0.052597 0.86406336
17.921 0.056988 0.90545839
17.953 0.06251 0.94688344
17.986 0.069153 0.98848865
18.018 0.076858 1.0304037
18.051 0.085529 1.072709
18.083 0.09505 1.115614
18.116 0.10531 1.1593193
18.149 0.11621 1.2040246
18.182 0.12771 1.2498298
18.215 0.13981 1.2971351
18.248 0.15259 1.3460404
18.282 0.16619 1.3970459
18.315 0.18084 1.4503512
18.349 0.19686 1.5063567
18.382 0.21469 1.5654621
18.416 0.23486 1.6281676
18.45 0.25811 1.6948731
18.484 0.28536 1.7663786
18.519 0.31783 1.8431843
18.553 0.35717 1.9259899
18.587 0.40558 2.0156954
18.622 0.46613 2.1129012
18.657 0.54306 2.2179069
18.692 0.64236 2.3304127
18.727 0.77237 2.4481184
18.762 0.94425 2.5648242
18.797 1.1712 2.66633
18.832 1.4638 2.7248357
18.868 1.8154 2.6955417
18.904 2.1806 2.5317477
18.939 2.4751 2.2283535
18.975 2.6308 1.8493595
19.011 2.6479 1.4801654
19.048 2.5716 1.1698716
19.084 2.4474 0.9270076
19.12 2.3038 0.74163361
19.157 2.1547 0.60071979
19.194 2.0057 0.49334597
19.231 1.8578 0.41168217
19.268 1.7095 0.35090836
19.305 1.5582 0.30996457
19.342 1.4006 0.29310078
19.38 1.2339 0.30951716
19.417 1.0563 0.37264337
19.455 0.87452 0.50520977
19.493 0.72913 0.72981616
19.531 0.67665 1.0201526
19.569 0.73291 1.336359
19.608 0.92413 1.6619655
19.646 1.3276 1.9371719
19.685 1.9714 1.9246785
19.724 2.4664 1.4154851
19.763 2.496 0.8300717
19.802 2.3133 0.45533829
19.841 2.1002 0.25178488
19.881 1.9084 0.15317164
19.92 1.7464 0.11086824
19.96 1.6091 0.092757002
20 1.4893 0.083348767
20.04 1.3812 0.077634533
20.08 1.2805 0.074224298
20.121 1.1842 0.072595233
20.161 1.09 0.072543998
20.202 0.99551 0.074104931
20.243 0.89854 0.077590863
20.284 0.79639 0.083754793
20.325 0.68533 0.094275721
20.367 0.55949 0.11332382
20.408 0.40942 0.15411074
20.45 0.2432 0.26211783
20.492 0.15256 0.42948492
20.534 0.1199 0.571112
20.576 0.10553 0.68805908
20.619 0.098753 0.78948632
20.661 0.095994 0.88068339
20.704 0.095715 0.96481062
20.747 0.097121 1.0439578
20.79 0.09976 1.1194651
20.833 0.10337 1.1926723
20.877 0.1078 1.2641797
20.921 0.113 1.334987
20.964 0.11898 1.4055942
21.008 0.12585 1.4767016
21.053 0.13373 1.5490091
21.097 0.14287 1.6230164
21.142 0.15358 1.6995239
21.186 0.16627 1.7793312
21.231 0.18151 1.8632387
21.277 0.20007 1.9522463
21.322 0.22302 2.0478538
21.368 0.25185 2.1515614
21.413 0.28874 2.2652688
21.459 0.33695 2.3914764
21.505 0.4015 2.5331839
21.552 0.49044 2.6939917
21.598 0.61716 2.8773992
21.645 0.80455 3.0843069
21.692 1.0917 3.3043146
21.739 1.5375 3.4900222
21.786 2.1822 3.5013299
21.834 2.8797 3.1199376
21.882 3.2548 2.3921454
21.93 3.2143 1.6945532
21.978 2.9756 1.2049609
22.026 2.6944 0.88907861
22.075 2.4244 0.68348646
22.124 2.1764 0.54549429
22.173 1.9483 0.45042211
22.222 1.7344 0.3843699
22.272 1.5287 0.33979783
22.321 1.3244 0.31331558
22.371 1.1141 0.30545346
22.422 0.88815 0.32323148
22.472 0.63854 0.39095932
22.523 0.40212 0.55732729
22.573 0.26708 0.77786508
22.624 0.20393 0.97301299
22.676 0.17076 1.139071
22.727 0.15168 1.2847789
22.779 0.1403 1.4167869
22.831 0.13366 1.5395949
22.883 0.13025 1.6564028
22.936 0.12927 1.7695109
22.989 0.13036 1.8811189
23.041 0.13337 1.9929267
23.095 0.13838 2.1066348
23.148 0.14563 2.2240428
23.202 0.15558 2.3471508
23.256 0.16896 2.4783588
23.31 0.18692 2.6207668
23.364 0.2113 2.7783748
23.419 0.24511 2.9566828
23.474 0.2936 3.1639908
23.529 0.36643 3.4126988
23.585 0.48311 3.7225069
23.641 0.68771 4.124515
23.697 1.0944 4.660623
23.753 2.0312 5.289031
23.81 3.9876 5.1086391
23.866 4.9372 3.001247
23.923 4.236 1.5918549
23.981 3.4572 1.009163
24.038 2.8224 0.75176096
24.096 2.2834 0.63993896
24.155 1.7868 0.62035706
24.213 1.2942 0.70335498
24.272 0.83462 0.95882299
24.331 0.55626 1.343311
24.39 0.43303 1.6999189
24.45 0.37843 2.0097269
24.51 0.35788 2.2913348
24.57 0.35898 2.5606427
24.631 0.37768 2.8302507
24.691 0.41429 3.1112585
24.752 0.4728 3.4155664
24.814 0.56215 3.7575744
24.876 0.70006 4.1566823
24.938 0.92266 4.6396901
25 1.3096 5.2406979
25.063 2.0514 5.9709058
25.126 3.5676 6.5846136
25.189 5.8595 5.8280213
25.253 6.6727 3.5456292
25.316 6.0798 2.0129368
25.381 5.3593 1.2651446
25.445 4.7695 0.87678228
25.51 4.301 0.65352998
25.575 3.9199 0.51422763
25.641 3.6 0.42194533
25.707 3.3234 0.35821296
25.773 3.0776 0.31301054
25.84 2.8535 0.28062816
25.907 2.6444 0.25763572
25.974 2.4449 0.24204322
26.042 2.2504 0.23273076
26.11 2.0565 0.22934823
26.178 1.8585 0.23230564
26.247 1.651 0.24312308
26.316 1.4265 0.26553046
26.385 1.1744 0.30875777
26.455 0.88087 0.39956512
26.525 0.56916 0.60841239
26.596 0.37454 0.9224697
26.667 0.28851 1.2110869
26.738 0.24514 1.4599941
26.81 0.22057 1.6824013
26.882 0.2062 1.8881084
26.954 0.19829 2.0836154
27.027 0.19503 2.2735225
27.1 0.19548 2.4614295
27.174 0.19922 2.6503365
27.248 0.20612 2.8431434
27.322 0.21631 3.0426503
27.397 0.23019 3.2518571
27.473 0.2484 3.474364
27.548 0.27199 3.7142707
27.624 0.30252 3.9769774
27.701 0.3424 4.2691841
27.778 0.39543 4.6003908
27.855 0.46776 4.9837973
27.933 0.57005 5.4388039
28.011 0.72193 5.9953103
28.09 0.96321 6.7015168
28.169 1.3849 7.6381232
28.249 2.231 8.9316296
28.329 4.2691 10.602136
28.409 9.0248 10.604142
28.49 11.42 5.6904483
28.571 9.9723 2.7105544
28.653 8.58 1.5478605
28.736 7.5872 1.0116666
28.818 6.8647 0.72164249
28.902 6.3153 0.54614847
28.986 5.881 0.43122435
29.07 5.5266 0.35150015
29.155 5.2299 0.29370592
29.24 4.9762 0.2503516
29.326 4.7553 0.21694725
29.412 4.5601 0.19062281
29.499 4.3853 0.16950835
29.586 4.2269 0.15231379
29.674 4.0818 0.1381492
29.762 3.9477 0.12637451
29.851 3.8225 0.11648979
29.94 3.7047 0.10816498
30.03 3.593 0.10112413
30.12 3.4862 0.095162182
30.211 3.3834 0.090123196
30.303 3.2838 0.085887169
30.395 3.1864 0.082363044
30.488 3.0906 0.079482875
30.581 2.9957 0.077197609
30.675 2.901 0.075478296
30.769 2.8058 0.074311885
30.864 2.7092 0.073700425
30.96 2.6107 0.073669914
31.056 2.5091 0.074266304
31.153 2.4035 0.075566641
31.25 2.2927 0.077688879
31.348 2.1751 0.080816062
31.447 2.0487 0.085226187
31.546 1.911 0.091365212
31.646 1.7582 0.099987179
31.746 1.5848 0.11248105
31.847 1.3818 0.13176485
31.949 1.1326 0.16542859
32.051 0.80092 0.24250224
32.154 0.38309 0.52969582
32.258 0.2201 0.97497933
32.362 0.17284 1.3270527
32.468 0.15195 1.6297561
32.573 0.14154 1.9086594
32.68 0.13688 2.1767626
32.787 0.13615 2.4423657
32.895 0.13862 2.7119687
33.003 0.14411 2.9911716
33.113 0.15282 3.2860745
33.223 0.16534 3.6033773
33.333 0.18271 3.95158
33.445 0.20671 4.3419826
33.557 0.2403 4.7904852
33.67 0.28878 5.3209876
33.784 0.36218 5.97189
33.898 0.48161 6.8098923
34.014 0.69891 7.9652945
34.13 1.175 9.7334966
34.247 2.6657 12.937399
34.364 11.926 17.443401
34.483 15.593 4.2239025
34.602 11.56 1.4363042
34.722 9.5603 0.74827593
34.843 8.371 0.47135753
34.965 7.5671 0.33009906
35.088 6.9764 0.24798049
35.211 6.5144 0.19787183
35.336 6.1323 0.1688331
35.461 5.7944 0.15669427
35.587 5.4604 0.16932535
35.714 5.0445 0.27294634
35.842 4.5573 1.2705173
35.971 6.1395 0.60283807
36.101 5.5931 0.1498988
36.232 5.3082 0.077317445
36.364 5.1198 0.057393998
36.496 4.9756 0.049196459
36.63 4.8565 0.043726833
36.765 4.754 0.039458118
36.9 4.6636 0.035957312
37.037 4.5826 0.033005418
37.175 4.5091 0.030468433
37.313 4.4419 0.028259358
37.453 4.38 0.026315193
37.594 4.3226 0.024590938
37.736 4.2692 0.023051593
37.879 4.2194 0.021669157
38.023 4.1726 0.020420631
38.168 4.1287 0.019289016
38.314 4.0872 0.01825931
38.462 4.048 0.01731851
38.61 4.0109 0.016456625
38.76 3.9756 0.015664645
38.911 3.9421 0.014934576
39.062 3.9102 0.014260424
39.216 3.8797 0.013636169
39.37 3.8505 0.013056832
39.526 3.8226 0.012517399
39.683 3.7959 0.012015977
39.841 3.7703 0.011547667
40 3.7456 0.01110997
40.161 3.7219 0.010700275
40.323 3.6991 0.010316293
40.486 3.6771 0.009955925
40.65 3.6559 0.0096173713
40.816 3.6354 0.0092989198
40.984 3.6156 0.0089990697
41.152 3.5965 0.0087164488
41.322 3.578 0.0084499302
41.494 3.5601 0.0081983137
41.667 3.5427 0.007960614
41.841 3.5258 0.0077358323
42.017 3.5095 0.0075232534
42.194 3.4936 0.0073220936
42.373 3.4782 0.0071316372
42.553 3.4632 0.0069511012
42.735 3.4486 0.0067800693
42.918 3.4344 0.0066177592
43.103 3.4206 0.0064638541
43.29 3.4072 0.0063178542
43.478 3.394 0.0061791783
43.668 3.3813 0.0060475088
43.86 3.3688 0.0059223458
44.053 3.3566 0.0058034093
44.248 3.3447 0.0056904809
44.444 3.3331 0.0055829809
44.643 3.3218 0.0054806701
44.843 3.3107 0.0053833895
45.045 3.2999 0.0052907195
45.249 3.2893 0.0052025608
45.455 3.2789 0.0051184142
45.662 3.2688 0.0050383017
45.872 3.2589 0.0049618815
46.083 3.2491 0.0048888975
46.296 3.2396 0.0048192291
46.512 3.2303 0.004752655
46.729 3.2211 0.0046891203
46.948 3.2122 0.0046282039
47.17 3.2034 0.0045698843
47.393 3.1947 0.0045141075
47.619 3.1863 0.0044605292
47.847 3.178 0.0044091732
48.077 3.1698 0.0043597405
48.309 3.1618 0.0043122324
48.544 3.1539 0.0042665266
48.78 3.1461 0.0042224711
49.02 3.1385 0.0041799964
49.261 3.131 0.0041389746
49.505 3.1237 0.0040992595
49.751 3.1164 0.0040608761
50 3.1093 0.0040237018
50.251 3.1023 0.0039876617
50.505 3.0954 0.0039527332
50.761 3.0886 0.0039187416
51.02 3.0819 0.0038856643
51.282 3.0753 0.0038534024
51.546 3.0688 0.0038219817
51.813 3.0623 0.0037913793
52.083 3.056 0.0037614967
52.356 3.0497 0.0037323352
52.632 3.0435 0.0037037964
52.91 3.0374 0.0036759063
53.191 3.0314 0.0036485419
53.476 3.0254 0.0036217805
53.763 3.0195 0.0035956724
54.054 3.0137 0.0035699705
54.348 3.0079 0.0035448009
54.645 3.0022 0.0035201652
54.945 2.9965 0.0034960651
55.249 2.9909 0.0034723781
55.556 2.9853 0.0034492303
55.866 2.9797 0.0034266234
56.18 2.9742 0.003404535
56.497 2.9687 0.0033828913
56.818 2.9632 0.0033618698
57.143 2.9578 0.0033413727
57.471 2.9523 0.0033215258
57.803 2.9468 0.0033023072
58.14 2.9413 0.0032837951
58.48 2.9358 0.0032661393
58.824 2.9303 0.003249218
59.172 2.9247 0.0032333332
59.524 2.9191 0.0032185872
59.88 2.9134 0.0032049821
60.241 2.9075 0.0031928968
60.606 2.9016 0.0031825568
60.976 2.8955 0.0031741415
61.35 2.8892 0.0031682761
61.728 2.8827 0.0031653628
62.112 2.8759 0.0031661585
62.5 2.8687 0.0031717113
62.893 2.8611 0.0031832007
63.291 2.8529 0.0032025295
63.694 2.8441 0.0032323002
64.103 2.8343 0.0032762934
64.516 2.8233 0.0033405556
64.935 2.8107 0.0034340458
65.359 2.7959 0.0035720883
65.789 2.778 0.0037809644
66.225 2.7553 0.0041103771
66.667 2.7251 0.0046624293
67.114 2.6819 0.005694345
67.568 2.6132 0.010198885
68.027 2.4847 0.031693894
68.493 2.1404 0.11777133
68.966 1.427 2.4741717
69.444 3.8753 0.17951206
69.93 3.334 0.021020332
70.423 3.1675 0.008721348
70.922 3.0863 0.0058927311
71.429 3.0376 0.0046252451
71.942 3.0047 0.0039439324
72.464 2.9806 0.0035319386
72.993 2.962 0.0032610058
73.529 2.947 0.0030709372
74.074 2.9346 0.0029304991
74.627 2.924 0.002822314
75.188 2.9148 0.0027357856
75.758 2.9067 0.0026645996
76.336 2.8994 0.002604428
76.923 2.8928 0.0025523767
77.519 2.8867 0.0025064898
78.125 2.8811 0.0024653342
78.74 2.8759 0.0024279013
79.365 2.8711 0.0023934184
80 2.8665 0.0023612999
80.645 2.8621 0.0023311301
81.301 2.858 0.0023025372
81.967 2.8541 0.002275282
82.645 2.8504 0.0022491171
83.333 2.8468 0.002223919
84.034 2.8433 0.0021994955
84.746 2.84 0.0021757628
85.47 2.8368 0.0021526302
86.207 2.8337 0.002130008
86.957 2.8307 0.0021078216
87.719 2.8278 0.0020860509
88.496 2.8249 0.0020646077
89.286 2.8222 0.0020434865
90.09 2.8195 0.0020226386
90.909 2.8169 0.0020020259
91.743 2.8144 0.0019816343
92.593 2.8119 0.0019614466
93.458 2.8095 0.0019414321
94.34 2.8071 0.0019215808
95.238 2.8048 0.0019018819
96.154 2.8025 0.0018823067
97.087 2.8003 0.0018628742
98.039 2.7982 0.0018435365
99.01 2.7961 0.001824301
100 2.794 0.0018051646
101.01 2.7919 0.0017861128
102.04 2.79 0.0017671527
103.09 2.788 0.0017482815
104.17 2.7861 0.0017293875
105.26 2.7842 0.0017106961
106.38 2.7824 0.0016919989
107.53 2.7805 0.0016732876
108.7 2.7788 0.0016546848
109.89 2.777 0.0016361861
111.11 2.7753 0.0016176999
112.36 2.7736 0.0015992271
113.64 2.772 0.0015807882
114.94 2.7704 0.0015624646
116.28 2.7688 0.0015440917
117.65 2.7672 0.0015257622
119.05 2.7657 0.0015074952
120.48 2.7642 0.0014892797
121.95 2.7627 0.0014710517
123.46 2.7612 0.0014528249
125 2.7598 0.0014346807
126.58 2.7584 0.0014165496
128.21 2.757 0.0013983686
129.87 2.7557 0.0013803012
131.58 2.7543 0.0013622001
133.33 2.753 0.0013441709
135.14 2.7517 0.0013260574
136.99 2.7505 0.0013080322
138.89 2.7492 0.0012900292
140.85 2.748 0.0012719988
142.86 2.7468 0.00125402
144.93 2.7457 0.0012360449
147.06 2.7445 0.0012180896
149.25 2.7434 0.0012001593
151.52 2.7423 0.0011821685
153.85 2.7412 0.0011642373
156.25 2.7401 0.0011463263
158.73 2.7391 0.0011284117
161.29 2.7381 0.0011105035
163.93 2.737 0.0010926206
166.67 2.7361 0.0010746788
169.49 2.7351 0.0010568128
172.41 2.7341 0.0010389417
175.44 2.7332 0.0010210365
178.57 2.7323 0.0010031732
181.82 2.7314 0.00098529369
185.19 2.7305 0.00096741452
188.68 2.7297 0.00094957057
192.31 2.7289 0.00093170493
196.08 2.728 0.0009138567
200 2.7272 0.00089601052
204.08 2.7265 0.00087816393
208.33 2.7257 0.00086031718
212.77 2.7249 0.0008424441
217.39 2.7242 0.00082460848
222.22 2.7235 0.00080677062
227.27 2.7228 0.00078892249
232.56 2.7221 0.00077106309
238.1 2.7215 0.00075321005
243.9 2.7208 0.00073538166
250 2.7202 0.00071752332
256.41 2.7196 0.00069968302
263.16 2.719 0.00068182001
270.27 2.7184 0.00066397861
277.78 2.7179 0.00064612116
285.71 2.7173 0.00062827182
294.12 2.7168 0.0006104043
303.03 2.7163 0.00059254485
312.5 2.7158 0.00057467453
322.58 2.7153 0.00055680931
333.33 2.7148 0.00053894049
344.83 2.7144 0.00052105601
357.14 2.714 0.00050318841
370.37 2.7135 0.00048529709
384.62 2.7131 0.00046740871
400 2.7128 0.0004495141
416.67 2.7124 0.00043161794
434.78 2.712 0.00041371423
454.55 2.7117 0.00039580585
476.19 2.7114 0.00037789435
500 2.7111 0.00035997428
526.32 2.7108 0.00034204661
555.56 2.7105 0.00032411444
588.24 2.7102 0.00030617479
625 2.71 0.00028823157
666.67 2.7097 0.00027027737
714.29 2.7095 0.00025231811
769.23 2.7093 0.0002343515
833.33 2.7091 0.00021637745
909.09 2.709 0.00019839397
1000 2.7088 0.00018040256

