0.08 1.2095608 0.91175142
0.081 1.2364706 0.91336647
0.082 1.2601208 0.90907031
0.083 1.2834766 0.89965109
0.084 1.2949497 0.88385058
0.085 1.3048543 0.86784959
0.086 1.3090047 0.86078241
0.087 1.3066762 0.86175722
0.088 1.3055446 0.87152701
0.089 1.3056346 0.88902542
0.09 1.3102837 0.90709207
0.091 1.327033 0.92497452
0.092 1.3561295 0.93384338
0.093 1.3944608 0.94271223
0.094 1.4176017 0.9445526
0.095 1.4402352 0.94244914
0.096 1.4586792 0.94296743
0.097 1.4720787 0.94664269
0.098 1.4854781 0.95122441
0.099 1.5101997 0.95663668
0.1 1.5419271 0.95899347
0.101 1.573607 0.95495032
0.102 1.6052083 0.95073044
0.103 1.6368096 0.93898994
0.104 1.6628971 0.92724944
0.105 1.6878759 0.91123281
0.106 1.709432 0.88901365
0.107 1.7250719 0.8667945
0.108 1.7407117 0.84381768
0.109 1.7519841 0.81986741
0.11 1.754617 0.80555454
0.111 1.7572499 0.79613681
0.112 1.7598828 0.78671907
0.113 1.7624037 0.78028696
0.114 1.7648646 0.77808138
0.115 1.7673255 0.77587581
0.116 1.7697864 0.77367024
0.117 1.7808224 0.76994892
0.118 1.7953603 0.760064
0.119 1.8100243 0.75017908
0.12 1.8257848 0.73752559
0.121 1.8415453 0.72275878
0.122 1.8568538 0.70799197
0.123 1.8678838 0.6928755
0.124 1.8789139 0.67745301
0.125 1.8811403 0.66203053
0.126 1.8752648 0.64633309
0.127 1.8691569 0.63061596
0.128 1.8615979 0.63015527
0.129 1.8540388 0.63274089
0.13 1.8470044 0.63909728
0.131 1.8574495 0.64554189
0.132 1.8678945 0.64633154
0.133 1.8793687 0.63871255
0.134 1.8911676 0.62644809
0.135 1.8911837 0.61756746
0.136 1.887303 0.60980595
0.137 1.8821315 0.60640994
0.138 1.8743308 0.61190693
0.139 1.86653 0.62149898
0.14 1.8587293 0.6502715
0.141 1.8726683 0.68845928
0.142 1.8953059 0.71682508
0.143 1.9363466 0.73323769
0.144 1.9810926 0.73553549
0.145 2.0394406 0.73783329
0.146 2.1049337 0.72383577
0.147 2.1575272 0.66646649
0.148 2.1972678 0.59914068
0.149 2.2304074 0.52709024
0.15 2.2396888 0.40832334
0.151 2.2489702 0.26140798
0.152 2.2493389 0.15993038
0.153 2.240446 0.074176614
0.154 2.2315531 0.042088307
0.155 2.2114548 0.01
0.156 2.1893454 0.003
0.157 2.167236 0.001
0.158 2.1507178 0.0003
0.159 2.1372691 0.0001
0.16 2.1238204 4e-05
0.161 2.1103717 2e-05
0.162 2.0969229 1.2e-05
0.163 2.0843188 9e-06
0.164 2.0733799 7e-06
0.165 2.062441 6e-06
0.166 2.051502 5.5e-06
0.167 2.0405631 5.2e-06
0.168 2.0296242 4.900004e-06
0.169 2.0191044 4.6781661e-06
0.17 2.0116532 4.5359187e-06
0.171 2.004202 4.4007723e-06
0.172 1.9967508 4.2772632e-06
0.173 1.9892996 4.1643041e-06
0.174 1.9818484 4.0587474e-06
0.175 1.9743973 3.9498162e-06
0.176 1.967544 3.8522418e-06
0.177 1.9615516 3.7595375e-06
0.178 1.9555593 3.6654336e-06
0.179 1.9495669 3.5760902e-06
0.18 1.9435746 3.4930212e-06
0.181 1.9375823 3.4262193e-06
0.182 1.9315899 3.3534931e-06
0.183 1.9255976 3.2883952e-06
0.184 1.9196052 3.2387843e-06
0.185 1.914039 3.1769899e-06
0.186 1.9098873 3.126018e-06
0.187 1.9057357 3.1014485e-06
0.188 1.901584 3.0764095e-06
0.189 1.8974324 3.0520637e-06
0.19 1.8932807 3.0397182e-06
0.191 1.8891291 3.0222808e-06
0.192 1.8849774 2.9941766e-06
0.193 1.8808258 2.9768491e-06
0.194 1.8766741 2.9536362e-06
0.195 1.8725225 2.923465e-06
0.196 1.8683708 2.8780204e-06
0.197 1.8642192 2.8281163e-06
0.198 1.8600675 2.7719467e-06
0.199 1.8559159 2.696638e-06
0.2 1.8517642 2.6137057e-06
0.201 1.8476126 2.52149e-06
0.202 1.8440004 2.4137476e-06
0.203 1.841304 2.2957869e-06
0.204 1.8386076 2.1745371e-06
0.205 1.8359112 2.0501733e-06
0.206 1.8332148 1.9128652e-06
0.207 1.8305184 1.7870308e-06
0.208 1.827822 1.671759e-06
0.209 1.8251256 1.5519419e-06
0.21 1.8224291 1.4283282e-06
0.211 1.8197327 1.3259327e-06
0.212 1.8170363 1.2178962e-06
0.213 1.8143399 1.1177399e-06
0.214 1.8116435 1.0372371e-06
0.215 1.8089471 9.596041e-07
0.216 1.8062507 8.9228147e-07
0.217 1.8035543 8.2593477e-07
0.218 1.8008579 7.5819913e-07
0.219 1.7981615 7.1239849e-07
0.22 1.7954651 6.6571944e-07
0.221 1.7927687 6.2341779e-07
0.222 1.7900722 5.7279115e-07
0.223 1.7873758 5.3045068e-07
0.224 1.7846794 5.0309255e-07
0.225 1.781983 4.7643668e-07
0.226 1.7792866 4.4599881e-07
0.227 1.7765902 4.2056763e-07
0.228 1.7743389 3.8777782e-07
0.229 1.7727273 3.5440644e-07
0.23 1.7711157 3.2737709e-07
0.231 1.7695041 3.0608884e-07
0.232 1.7678926 2.8545435e-07
0.233 1.766281 2.7220501e-07
0.234 1.7646694 2.6257873e-07
0.235 1.7630579 2.2865731e-07
0.236 1.7614463 2.0020163e-07
0.237 1.7598347 1.8490476e-07
0.238 1.7582231 1.8064278e-07
0.239 1.7566116 1.6687881e-07
0.24 1.755 1.4895221e-07
0.241 1.7535333 1.4298935e-07
0.242 1.7520667 1.3690927e-07
0.243 1.7506 1.1816196e-07
0.244 1.7491333 9.8240334e-08
0.245 1.7476667 9.3315463e-08
0.246 1.7462 8.6298924e-08
0.247 1.7447333 7.9973321e-08
0.248 1.7432667 6.6150945e-08
0.249 1.7418 5.5324243e-08
0.25 1.7403333 5.3625624e-08
0.26 1.7287 0
0.27 1.7175074 0
0.28 1.7086589 0
0.29 1.7005196 0
0.3 1.6935 0
0.31 1.6876 0
0.32 1.6823242 0
0.33 1.6776727 0
0.34 1.6737018 0
0.35 1.6707345 0
0.36 1.6677673 0
0.37 1.6648 0
0.38 1.6624667 0
0.39 1.6601333 0
0.4 1.6578 0
0.41 1.6560689 0
0.42 1.6543379 0
0.43 1.6526068 0
0.44 1.651228 0
0.45 1.6501567 0
0.46 1.6490853 0
0.47 1.648014 0
0.48 1.6469427 0
0.49 1.6458713 0
0.5 1.6448 0
0.51 1.644 0
0.52 1.6432 0
0.53 1.6424 0
0.54 1.6416 0
0.55 1.6408 0
0.56 1.6401995 0
0.57 1.639599 0
0.58 1.6389984 0
0.59 1.6383979 0
0.6 1.6377974 0
0.61 1.6371969 0
0.62 1.6366943 0
0.63 1.6363825 0
0.64 1.6360707 0
0.65 1.6357589 0
0.66 1.6354471 0
0.67 1.6351353 0
0.68 1.6348236 0
0.69 1.6345118 0
0.7 1.6342 0
0.71 1.63401 0
0.72 1.63382 0
0.73 1.63363 0
0.74 1.63344 0
0.75 1.63325 0
0.76 1.63306 0
0.77 1.63287 0
0.78 1.63268 0
0.79 1.63249 0
0.8 1.6323 0
0.81 1.63213 0
0.82 1.63196 0
0.83 1.63179 0
0.84 1.63162 0
0.85 1.63145 0
0.86 1.63128 0
0.87 1.63111 0
0.88 1.63094 0
0.89 1.63077 0
0.9 1.6306 0
0.91 1.63045 0
0.92 1.6303 0
0.93 1.63015 0
0.94 1.63 0
0.95 1.62985 0
0.96 1.6297 0
0.97 1.62955 0
0.98 1.6294 0
0.99 1.62925 0
1 1.6291 0
1.01 1.62897 0
1.02 1.62884 0
1.03 1.62871 0
1.04 1.62858 0
1.05 1.62845 0
1.06 1.62832 0
1.07 1.62819 0
1.08 1.62806 0
1.09 1.62793 0
1.1 1.6278 0
1.11 1.6277249 0
1.12 1.6276499 0
1.13 1.6275748 0
1.14 1.6274997 0
1.15 1.6274247 0
1.16 1.6273496 0
1.17 1.6272745 0
1.18 1.6271995 0
1.19 1.6271244 0
1.2 1.6270493 0
1.21 1.6269743 0
1.22 1.6268992 0
1.23 1.6268242 0
1.24 1.6267491 0
1.25 1.626674 0
1.26 1.6265 0
1.27 1.6265 0
1.28 1.6264 0
1.29 1.6263 0
1.3 1.6262 0
1.31 1.6262 0
1.32 1.6261 0
1.33 1.626 0
1.34 1.626 0
1.35 1.6259 0
1.36 1.6258 0
1.37 1.6257 0
1.38 1.6256 0
1.39 1.6256 0
1.4 1.6255 0
1.41 1.6254 0
1.42 1.6253 0
1.43 1.6252 0
1.44 1.6252 0
1.45 1.6251 0
1.46 1.625 0
1.47 1.6249 0
1.48 1.6248 0
1.49 1.6248 0
1.5 1.6247 0
1.51 1.6246 0
1.52 1.6245 0
1.53 1.6244 0
1.54 1.6243 0
1.55 1.6242 0
1.56 1.6242 0
1.57 1.6241 0
1.58 1.624 0
1.59 1.6239 0
1.6 1.6238 0
1.61 1.6237 0
1.62 1.6236 0
1.63 1.6235 0
1.64 1.6234 0
1.65 1.6233 0
1.66 1.6232 0
1.67 1.6231 0
1.68 1.6231 0
1.69 1.623 0
1.7 1.6229 0
1.71 1.6228 0
1.72 1.6227 0
1.73 1.6226 0
1.74 1.6225 0
1.75 1.6224 0
1.76 1.6223 0
1.77 1.6222 0
1.78 1.6221 0
1.79 1.622 0
1.8 1.6219 0
1.81 1.6218 0
1.82 1.6217 0
1.83 1.6216 0
1.84 1.6214 0
1.85 1.6213 0
1.86 1.6212 0
1.87 1.6211 0
1.88 1.621 0
1.89 1.6209 0
1.9 1.6208 0
1.91 1.6207 0
1.92 1.6206 0
1.93 1.6205 0
1.94 1.6204 0
1.95 1.6203 0
1.96 1.6201 0
1.97 1.62 0
1.98 1.6199 0
1.99 1.6198 0
2 1.6197 0
2.01 1.6196 0
2.02 1.6195 0
2.03 1.6193 0
2.04 1.6192 0
2.05 1.6191 0
2.06 1.619 0
2.07 1.6189 0
2.08 1.6187 0
2.09 1.6186 0
2.1 1.6185 0
2.11 1.6184 0
2.12 1.6183 0
2.13 1.6181 0
2.14 1.618 0
2.15 1.6179 0
2.16 1.6178 0
2.17 1.6176 0
2.18 1.6175 0
2.19 1.6174 0
2.2 1.6173 0
2.21 1.6171 0
2.22 1.617 0
2.23 1.6169 0
2.24 1.6167 0
2.25 1.6166 0
2.26 1.6165 0
2.27 1.6164 0
2.28 1.6162 0
2.29 1.6161 0
2.3 1.616 0
2.31 1.6158 0
2.32 1.6157 0
2.33 1.6156 0
2.34 1.6154 0
2.35 1.6153 0
2.36 1.6151 0
2.37 1.615 0
2.38 1.6149 0
2.39 1.6147 0
2.4 1.6146 0
2.41 1.6144 0
2.42 1.6143 0
2.43 1.6142 0
2.44 1.614 0
2.45 1.6139 0
2.46 1.6137 0
2.47 1.6136 0
2.48 1.6134 0
2.49 1.6133 0
2.5 1.6131 0
2.51 1.613 0
2.52 1.6129 0
2.53 1.6127 0
2.54 1.6126 0
2.55 1.6124 0
2.56 1.6123 0
2.57 1.6121 0
2.58 1.612 0
2.59 1.6118 0
2.6 1.6116 0
2.61 1.6115 0
2.62 1.6113 0
2.63 1.6112 0
2.64 1.611 0
2.65 1.6109 0
2.66 1.6107 0
2.67 1.6106 0
2.68 1.6104 0
2.69 1.6102 0
2.7 1.6101 0
2.71 1.6099 0
2.72 1.6098 0
2.73 1.6096 0
2.74 1.6094 0
2.75 1.6093 0
2.76 1.6091 0
2.77 1.6089 0
2.78 1.6088 0
2.79 1.6086 0
2.8 1.6084 0
2.81 1.6083 0
2.82 1.6081 0
2.83 1.6079 0
2.84 1.6078 0
2.85 1.6076 0
2.86 1.6074 0
2.87 1.6072 0
2.88 1.6071 0
2.89 1.6069 0
2.9 1.6067 0
2.91 1.6065 0
2.92 1.6064 0
2.93 1.6062 0
2.94 1.606 0
2.95 1.6058 0
2.96 1.6057 0
2.97 1.6055 0
2.98 1.6053 0
2.99 1.6051 0
3 1.6049 0
3.01 1.6048 0
3.02 1.6046 0
3.03 1.6044 0
3.04 1.6042 0
3.05 1.604 0
3.06 1.6038 0
3.07 1.6037 0
3.08 1.6035 0
3.09 1.6033 0
3.1 1.6031 0
3.11 1.6029 0
3.12 1.6027 0
3.13 1.6025 0
3.14 1.6023 0
3.15 1.6021 0
3.16 1.6019 0
3.17 1.6017 0
3.18 1.6016 0
3.19 1.6014 0
3.2 1.6012 0
3.21 1.601 0
3.22 1.6008 0
3.23 1.6006 0
3.24 1.6004 0
3.25 1.6002 0
3.26 1.6 0
3.27 1.5998 0
3.28 1.5996 0
3.29 1.5994 1.298238e-07
3.3 1.5992 2.0382061e-07
3.31 1.599 2.9483527e-07
3.32 1.5987 3.4598665e-07
3.33 1.5985 3.2046372e-07
3.34 1.5983 2.9722666e-07
3.35 1.5981 2.7141836e-07
3.36 1.5979 2.6630053e-07
3.37 1.5977 3.2336769e-07
3.38 1.5975 3.5736813e-07
3.39 1.5973 3.3892853e-07
3.4 1.5971 3.357984e-07
3.41 1.5969 4.0635294e-07
3.42 1.5967 5.0811396e-07
3.43 1.5964 5.8038398e-07
3.44 1.5962 6.3472233e-07
3.45 1.596 6.7460416e-07
3.46 1.5958 7.3176266e-07
3.47 1.5956 8.545994e-07
3.48 1.5954 1.0352927e-06
3.49 1.5951 1.2369558e-06
3.5 1.5949 1.4583239e-06
3.51 1.5947 1.628235e-06
3.52 1.5945 1.7586816e-06
3.53 1.5943 1.9065512e-06
3.54 1.594 2.0876145e-06
3.55 1.5938 2.2827938e-06
3.56 1.5936 2.481464e-06
3.57 1.5934 2.6664755e-06
3.58 1.5931 2.8240135e-06
3.59 1.5929 3.0307608e-06
3.6 1.5927 3.2814229e-06
3.61 1.5925 3.5927324e-06
3.62 1.5922 3.9805985e-06
3.63 1.592 4.4227051e-06
3.64 1.5918 4.8431592e-06
3.65 1.5915 5.3184087e-06
3.66 1.5913 5.9531495e-06
3.67 1.5911 6.7511495e-06
3.68 1.5908 7.6854805e-06
3.69 1.5906 8.6810968e-06
3.7 1.5904 9.6275415e-06
3.71 1.5901 1.0532358e-05
3.72 1.5899 1.1388006e-05
3.73 1.5896 1.2183246e-05
3.74 1.5894 1.28151e-05
3.75 1.5892 1.3329995e-05
3.76 1.5889 1.3796565e-05
3.77 1.5887 1.4164372e-05
3.78 1.5884 1.4406944e-05
3.79 1.5882 1.4546525e-05
3.8 1.588 1.4602872e-05
3.81 1.5877 1.4623726e-05
3.82 1.5875 1.4543085e-05
3.83 1.5872 1.4385793e-05
3.84 1.587 1.4137583e-05
3.85 1.5867 1.3800808e-05
3.86 1.5865 1.3425404e-05
3.87 1.5862 1.3041717e-05
3.88 1.586 1.2712244e-05
3.89 1.5857 1.2744885e-05
3.9 1.5855 1.3499665e-05
3.91 1.5852 1.5017556e-05
3.92 1.585 1.6908423e-05
3.93 1.5847 1.8664122e-05
3.94 1.5844 2.0318658e-05
3.95 1.5842 2.2285465e-05
3.96 1.5839 2.508223e-05
3.97 1.5837 2.9236769e-05
3.98 1.5834 3.4520591e-05
3.99 1.5831 3.977939e-05
4 1.5829 4.3094664e-05
4.01 1.5826 4.1440762e-05
4.02 1.5824 3.3678267e-05
4.03 1.5821 2.4459428e-05
4.04 1.5818 1.7435686e-05
4.05 1.5816 1.2781945e-05
4.06 1.5813 9.8860825e-06
4.07 1.581 8.1267791e-06
4.08 1.5808 7.0316488e-06
4.09 1.5805 6.3633912e-06
4.1 1.5802 5.9971657e-06
4.11 1.5799 5.8495774e-06
4.12 1.5797 5.873971e-06
4.13 1.5794 6.0271766e-06
4.14 1.5791 6.2261372e-06
4.15 1.5788 6.429609e-06
4.16 1.5786 6.6317929e-06
4.17 1.5783 6.8491375e-06
4.18 1.578 7.0818978e-06
4.19 1.5777 7.3307129e-06
4.2 1.5774 7.6060658e-06
4.21 1.5772 7.8975432e-06
4.22 1.5769 8.223593e-06
4.23 1.5766 8.581615e-06
4.24 1.5763 8.9870304e-06
4.25 1.576 9.4511965e-06
4.26 1.5757 9.992278e-06
4.27 1.5755 1.0624399e-05
4.28 1.5752 1.1379817e-05
4.29 1.5749 1.2244207e-05
4.3 1.5746 1.3169683e-05
4.31 1.5743 1.4147234e-05
4.32 1.574 1.5205105e-05
4.33 1.5737 1.6359662e-05
4.34 1.5734 1.7569382e-05
4.35 1.5731 1.8757919e-05
4.36 1.5728 1.9775504e-05
4.37 1.5725 2.0459938e-05
4.38 1.5722 2.0784431e-05
4.39 1.5719 2.0848324e-05
4.4 1.5716 2.0837003e-05
4.41 1.5713 2.0939736e-05
4.42 1.571 2.1287089e-05
4.43 1.5707 2.1867934e-05
4.44 1.5704 2.2572172e-05
4.45 1.5701 2.3319926e-05
4.46 1.5698 2.4061813e-05
4.47 1.5695 2.476814e-05
4.48 1.5692 2.5445429e-05
4.49 1.5689 2.6169438e-05
4.5 1.5686 2.7081622e-05
4.51 1.5683 2.8335246e-05
4.52 1.568 3.0011954e-05
4.53 1.5676 3.203915e-05
4.54 1.5673 3.4255061e-05
4.55 1.567 3.6429636e-05
4.56 1.5667 3.8305814e-05
4.57 1.5664 3.9672645e-05
4.58 1.5661 4.0474049e-05
4.59 1.5657 4.085162e-05
4.6 1.5654 4.0879283e-05
4.61 1.5651 4.0491528e-05
4.62 1.5648 3.9652792e-05
4.63 1.5644 3.8472812e-05
4.64 1.5641 3.7148864e-05
4.65 1.5638 3.5821561e-05
4.66 1.5635 3.4633619e-05
4.67 1.5631 3.3683844e-05
4.68 1.5628 3.3073752e-05
4.69 1.5625 3.286881e-05
4.7 1.5621 3.3042702e-05
4.71 1.5618 3.3488508e-05
4.72 1.5615 3.4069007e-05
4.73 1.5611 3.4684414e-05
4.74 1.5608 3.5309187e-05
4.75 1.5605 3.5985588e-05
4.76 1.5601 3.6665951e-05
4.77 1.5598 3.7280922e-05
4.78 1.5594 3.7777595e-05
4.79 1.5591 3.8196514e-05
4.8 1.5588 3.8656407e-05
4.81 1.5584 3.9256094e-05
4.82 1.5581 4.005591e-05
4.83 1.5577 4.1025295e-05
4.84 1.5574 4.2176164e-05
4.85 1.557 4.3553667e-05
4.86 1.5567 4.5210617e-05
4.87 1.5563 4.7103269e-05
4.88 1.556 4.9020648e-05
4.89 1.5556 5.0794704e-05
4.9 1.5553 5.241397e-05
4.91 1.5549 5.3908126e-05
4.92 1.5546 5.5245973e-05
4.93 1.5542 5.6482407e-05
4.94 1.5538 5.7801028e-05
4.95 1.5535 5.9366038e-05
4.96 1.5531 6.1290407e-05
4.97 1.5527 6.3660752e-05
4.98 1.5524 6.6345811e-05
4.99 1.552 6.9032634e-05
5 1.5517 7.1533485e-05
5.01 1.5513 7.4130919e-05
5.02 1.5509 7.7161705e-05
5.03 1.5505 8.1190411e-05
5.04 1.5502 8.6616822e-05
5.05 1.5498 9.3985472e-05
5.06 1.5494 0.00010376254
5.07 1.549 0.00011622141
5.08 1.5487 0.00013177432
5.09 1.5483 0.00015079922
5.1 1.5479 0.000174
5.11 1.5475 0.000202
5.12 1.5472 0.000237
5.13 1.5468 0.00028
5.14 1.5464 0.00037
5.15 1.546 0.00047
5.16 1.5456 0.00059
5.17 1.5452 0.0007
5.18 1.5448 0.00076403759
5.19 1.5444 0.0007928781
5.2 1.544 0.00081357838
5.21 1.5437 0.00082930851
5.22 1.5433 0.00084392029
5.23 1.5429 0.00086247067
5.24 1.5425 0.00088438979
5.25 1.5421 0.00090949481
5.26 1.5417 0.00093772143
5.27 1.5413 0.00096764958
5.28 1.5409 0.00099654621
5.29 1.5405 0.0010283057
5.3 1.5401 0.0010616594
5.31 1.5396 0.0010956777
5.32 1.5392 0.0011317654
5.33 1.5388 0.0011728484
5.34 1.5384 0.0012166665
5.35 1.538 0.0012592208
5.36 1.5376 0.0013015752
5.37 1.5372 0.0013427959
5.38 1.5368 0.0013807444
5.39 1.5363 0.0014172004
5.4 1.5359 0.0014515063
5.41 1.5355 0.0014882416
5.42 1.5351 0.0015438115
5.43 1.5347 0.0015686668
5.44 1.5342 0.0015893294
5.45 1.5338 0.0016003465
5.46 1.5334 0.0015980652
5.47 1.5329 0.0015805237
5.48 1.5325 0.0015362603
5.49 1.5321 0.0015139178
5.5 1.5316 0.001497553
5.51 1.5312 0.0014921545
5.52 1.5308 0.0014994221
5.53 1.5303 0.0015359509
5.54 1.5299 0.0016131219
5.55 1.5294 0.0017362286
5.56 1.529 0.0019829518
5.57 1.5286 0.0021364101
5.58 1.5281 0.002259139
5.59 1.5277 0.0023936326
5.6 1.5272 0.0024937919
5.61 1.5268 0.0025293894
5.62 1.5263 0.0025232833
5.63 1.5259 0.0024935574
5.64 1.5254 0.0022943243
5.65 1.5249 0.002182596
5.66 1.5245 0.0020621647
5.67 1.524 0.0019418514
5.68 1.5236 0.0018719887
5.69 1.5231 0.0018152567
5.7 1.5226 0.0017669864
5.71 1.5222 0.001733299
5.72 1.5217 0.0017200845
5.73 1.5212 0.0017352798
5.74 1.5208 0.0017756484
5.75 1.5203 0.0018493651
5.76 1.5198 0.0019579152
5.77 1.5193 0.0020828593
5.78 1.5189 0.0022833274
5.79 1.5184 0.0024898897
5.8 1.5179 0.0026398576
5.81 1.5174 0.0026798247
5.82 1.5169 0.0026983141
5.83 1.5164 0.0028110077
5.84 1.516 0.0028833642
5.85 1.5155 0.0029302811
5.86 1.515 0.0029275446
5.87 1.5145 0.0029012544
5.88 1.514 0.0028479136
5.89 1.5135 0.0028031498
5.9 1.513 0.002843627
5.91 1.5125 0.0029120127
5.92 1.512 0.0029664296
5.93 1.5115 0.0029648287
5.94 1.511 0.0029506409
5.95 1.5105 0.0029915778
5.96 1.51 0.0030091449
5.97 1.5094 0.0030438354
5.98 1.5089 0.0030716733
5.99 1.5084 0.0031116889
6 1.5079 0.0031561522
6.01 1.5074 0.0031589891
6.02 1.5069 0.0031124098
6.03 1.5063 0.0030276117
6.04 1.5058 0.002953371
6.05 1.5053 0.0027987458
6.06 1.5048 0.0026433088
6.07 1.5042 0.0024819679
6.08 1.5037 0.0023113714
6.09 1.5032 0.0020319904
6.1 1.5026 0.0018208454
6.11 1.5021 0.0016273486
6.12 1.5015 0.0014500824
6.13 1.501 0.0013189789
6.14 1.5005 0.0012199674
6.15 1.4999 0.0011411038
6.16 1.4994 0.0010785723
6.17 1.4988 0.0010286745
6.18 1.4983 0.00098753523
6.19 1.4977 0.00095187016
6.2 1.4972 0.00092289432
6.21 1.4966 0.00089918493
6.22 1.496 0.00087933771
6.23 1.4955 0.00086193879
6.24 1.4949 0.00084717908
6.25 1.4944 0.00083604775
6.26 1.4938 0.00082877476
6.27 1.4932 0.00082318392
6.28 1.4926 0.00081633135
6.29 1.4921 0.0008112356
6.3 1.4915 0.0008123613
6.31 1.4909 0.00081241468
6.32 1.4903 0.00081382734
6.33 1.4897 0.00081567192
6.34 1.4892 0.00081762434
6.35 1.4886 0.00082161007
6.36 1.488 0.0008296142
6.37 1.4874 0.00083884944
6.38 1.4868 0.00084278154
6.39 1.4862 0.00085008922
6.4 1.4856 0.00085817072
6.41 1.485 0.00086657312
6.42 1.4844 0.0008756437
6.43 1.4838 0.00088550724
6.44 1.4832 0.00089563102
6.45 1.4826 0.00090526351
6.46 1.482 0.00091512916
6.47 1.4814 0.00092491845
6.48 1.4807 0.00093365906
6.49 1.4801 0.00094073385
6.5 1.4795 0.00094595354
6.51 1.4789 0.00094952932
6.52 1.4782 0.00095155776
6.53 1.4776 0.00095162749
6.54 1.477 0.00095073701
6.55 1.4764 0.00095039576
6.56 1.4757 0.00095001437
6.57 1.4751 0.00095094758
6.58 1.4744 0.00095372618
6.59 1.4738 0.00095938176
6.6 1.4732 0.00096788348
6.61 1.4725 0.00097948571
6.62 1.4719 0.00099584101
6.63 1.4712 0.0010171105
6.64 1.4705 0.0010413436
6.65 1.4699 0.0010699496
6.66 1.4692 0.0011020428
6.67 1.4686 0.0011378174
6.68 1.4679 0.0011784386
6.69 1.4672 0.0012208642
6.7 1.4666 0.0012680175
6.71 1.4659 0.0013218125
6.72 1.4652 0.0013804598
6.73 1.4645 0.0014367617
6.74 1.4638 0.0014926127
6.75 1.4632 0.001553916
6.76 1.4625 0.001615829
6.77 1.4618 0.0016689287
6.78 1.4611 0.0017225707
6.79 1.4604 0.0017705238
6.8 1.4597 0.0018043916
6.81 1.459 0.0018296051
6.82 1.4583 0.0018597219
6.83 1.4576 0.0018901163
6.84 1.4569 0.0019144906
6.85 1.4561 0.0019237201
6.86 1.4554 0.0019357816
6.87 1.4547 0.0019545325
6.88 1.454 0.0019663148
6.89 1.4533 0.0019724033
6.9 1.4525 0.0019764614
6.91 1.4518 0.0019824151
6.92 1.4511 0.0019884719
6.93 1.4503 0.0019945337
6.94 1.4496 0.0020006523
6.95 1.4489 0.0020067751
6.96 1.4481 0.0020130109
6.97 1.4474 0.0020192596
6.98 1.4466 0.0020255215
6.99 1.4458 0.0020318781
7 1.4451 0.0020382566
7.01 1.4443 0.0020447032
7.02 1.4436 0.0020511865
7.03 1.4428 0.0020577327
7.04 1.442 0.0020642783
7.05 1.4412 0.002070925
7.06 1.4405 0.0020776156
7.07 1.4397 0.0020843683
7.08 1.4389 0.0020911211
7.09 1.4381 0.0020979535
7.1 1.4373 0.002104869
7.11 1.4365 0.0021117627
7.12 1.4357 0.0021187665
7.13 1.4349 0.0021258027
7.14 1.4341 0.0021328833
7.15 1.4333 0.0021400571
7.16 1.4325 0.002147289
7.17 1.4317 0.0021545495
7.18 1.4309 0.0021619112
7.19 1.43 0.0021692917
7.2 1.4292 0.0021767414
7.21 1.4284 0.0021842359
7.22 1.4275 0.0021918202
7.23 1.4267 0.0021993407
7.24 1.4259 0.0022070964
7.25 1.425 0.0022147999
7.26 1.4242 0.0022226182
7.27 1.4233 0.0022305222
7.28 1.4225 0.0022383879
7.29 1.4216 0.0022464059
7.3 1.4207 0.002254446
7.31 1.4199 0.0022625671
7.32 1.419 0.002270787
7.33 1.4181 0.0022789434
7.34 1.4172 0.0022873016
7.35 1.4163 0.0022956699
7.36 1.4155 0.0023041233
7.37 1.4146 0.0023126763
7.38 1.4137 0.0023212176
7.39 1.4128 0.0023298546
7.4 1.4119 0.0023386604
7.41 1.4109 0.0023473987
7.42 1.41 0.0023562677
7.43 1.4091 0.0023652909
7.44 1.4082 0.0023742346
7.45 1.4073 0.002383361
7.46 1.4063 0.0023925497
7.47 1.4054 0.0024018056
7.48 1.4045 0.0024111088
7.49 1.4035 0.0024205185
7.5 1.4026 0.0024299372
7.51 1.4016 0.0024395951
7.52 1.4006 0.0024491951
7.53 1.3997 0.0024588928
7.54 1.3987 0.0024686747
7.55 1.3977 0.0024786076
7.56 1.3968 0.0024885931
7.57 1.3958 0.0024986314
7.58 1.3948 0.0025087716
7.59 1.3938 0.0025190084
7.6 1.3928 0.0025293782
7.61 1.3918 0.0025396965
7.62 1.3908 0.0025502834
7.63 1.3898 0.0025608527
7.64 1.3888 0.0025715831
7.65 1.3878 0.0025823305
7.66 1.3867 0.0025932208
7.67 1.3857 0.0026042301
7.68 1.3847 0.0026152374
7.69 1.3836 0.0026264689
7.7 1.3826 0.0026377158
7.71 1.3815 0.00264906
7.72 1.3805 0.0026605736
7.73 1.3794 0.0026721107
7.74 1.3783 0.0026838983
7.75 1.3773 0.0026956416
7.76 1.3762 0.002707402
7.77 1.3751 0.0027195146
7.78 1.374 0.0027316176
7.79 1.3729 0.0027438002
7.8 1.3718 0.0027562024
7.81 1.3707 0.0027685812
7.82 1.3696 0.0027811902
7.83 1.3685 0.0027938215
7.84 1.3673 0.002806671
7.85 1.3662 0.002819525
7.86 1.3651 0.0028325615
7.87 1.3639 0.0028457755
7.88 1.3628 0.002858981
7.89 1.3616 0.0028723933
7.9 1.3604 0.0028859513
7.91 1.3593 0.0028996076
7.92 1.3581 0.0029133804
7.93 1.3569 0.0029273353
7.94 1.3557 0.0029414184
7.95 1.3545 0.0029556246
7.96 1.3533 0.0029699483
7.97 1.3521 0.0029844102
7.98 1.3509 0.0029990722
7.99 1.3497 0.0030137439
8 1.3485 0.0030286124
8.01 1.3472 0.0030436964
8.02 1.346 0.0030588895
8.03 1.3447 0.003074226
8.04 1.3435 0.0030897226
8.05 1.3422 0.0031053983
8.06 1.3409 0.0031212351
8.07 1.3397 0.0031371849
8.08 1.3384 0.003153292
8.09 1.3371 0.003169609
8.1 1.3358 0.0031860542
8.11 1.3345 0.0032026281
8.12 1.3331 0.0032194071
8.13 1.3318 0.0032363949
8.14 1.3305 0.0032535923
8.15 1.3291 0.0032708243
8.16 1.3278 0.0032883457
8.17 1.3264 0.0033061729
8.18 1.3251 0.0033239784
8.19 1.3237 0.0033419852
8.2 1.3223 0.0033603436
8.21 1.3209 0.0033786266
8.22 1.3195 0.0033973437
8.23 1.3181 0.0034160726
8.24 1.3167 0.0034352818
8.25 1.3153 0.0034545088
8.26 1.3139 0.0034739367
8.27 1.3124 0.0034935441
8.28 1.311 0.0035135109
8.29 1.3095 0.0035335505
8.3 1.308 0.0035538088
8.31 1.3066 0.0035743926
8.32 1.3051 0.0035951689
8.33 1.3036 0.0036162898
8.34 1.3021 0.0036374028
8.35 1.3005 0.0036589957
8.36 1.299 0.0036806593
8.37 1.2975 0.003702624
8.38 1.2959 0.0037249124
8.39 1.2944 0.0037472888
8.4 1.2928 0.0037700232
8.41 1.2912 0.0037931435
8.42 1.2896 0.0038163166
8.43 1.288 0.0038398735
8.44 1.2864 0.0038637498
8.45 1.2848 0.0038877813
8.46 1.2832 0.0039122103
8.47 1.2815 0.0039368128
8.48 1.2799 0.0039616709
8.49 1.2782 0.0039869163
8.5 1.2765 0.0040125718
8.51 1.2749 0.004038495
8.52 1.2732 0.0040646602
8.53 1.2714 0.0040912247
8.54 1.2697 0.0041180003
8.55 1.268 0.0041452273
8.56 1.2662 0.0041728063
8.57 1.2645 0.0042004896
8.58 1.2627 0.0042287544
8.59 1.2609 0.0042572122
8.6 1.2591 0.0042860558
8.61 1.2573 0.0043153297
8.62 1.2555 0.0043451186
8.63 1.2536 0.0043751983
8.64 1.2518 0.0044057
8.65 1.2499 0.0044364854
8.66 1.248 0.0044676943
8.67 1.2461 0.0044994278
8.68 1.2442 0.0045312801
8.69 1.2423 0.0045638555
8.7 1.2403 0.004596818
8.71 1.2384 0.0046302309
8.72 1.2364 0.0046640629
8.73 1.2344 0.0046984209
8.74 1.2324 0.0047329866
8.75 1.2304 0.0047682785
8.76 1.2284 0.004804035
8.77 1.2263 0.004840392
8.78 1.2243 0.0048771132
8.79 1.2222 0.0049143894
8.8 1.2201 0.0049520952
8.81 1.218 0.0049903352
8.82 1.2158 0.0050294406
8.83 1.2137 0.0050688756
8.84 1.2115 0.0051088631
8.85 1.2093 0.0051492059
8.86 1.2071 0.0051906916
8.87 1.2049 0.0052325543
8.88 1.2026 0.0052748504
8.89 1.2004 0.0053179737
8.9 1.1981 0.0053618192
8.91 1.1958 0.0054061423
8.92 1.1934 0.0054512818
8.93 1.1911 0.0054969796
8.94 1.1887 0.0055436435
8.95 1.1864 0.0055908832
8.96 1.1839 0.0056388332
8.97 1.1815 0.0056877278
8.98 1.1791 0.0057373031
8.99 1.1766 0.0057877761
9 1.1741 0.0058389366
9.01 1.1716 0.0058910056
9.02 1.169 0.005944017
9.03 1.1665 0.0059977816
9.04 1.1639 0.0060524665
9.05 1.1612 0.0061079191
9.06 1.1586 0.0061646417
9.07 1.1559 0.0062223776
9.08 1.1532 0.0062808002
9.09 1.1505 0.0063405747
9.1 1.1478 0.0064012113
9.11 1.145 0.0064629345
9.12 1.1422 0.0065259325
9.13 1.1393 0.0065902054
9.14 1.1365 0.0066552551
9.15 1.1336 0.006722062
9.16 1.1307 0.0067897577
9.17 1.1277 0.0068588003
9.18 1.1247 0.0069293004
9.19 1.1217 0.0070006604
9.2 1.1187 0.0070740686
9.21 1.1156 0.0071485205
9.22 1.1125 0.0072245471
9.23 1.1093 0.0073022816
9.24 1.1061 0.0073817215
9.25 1.1029 0.0074621855
9.26 1.0996 0.007544477
9.27 1.0963 0.0076294553
9.28 1.093 0.0077152601
9.29 1.0896 0.0078029108
9.3 1.0862 0.0078931513
9.31 1.0828 0.007984837
9.32 1.0793 0.0080784584
9.33 1.0757 0.0081746092
9.34 1.0721 0.0082731383
9.35 1.0685 0.0083741906
9.36 1.0648 0.0084771991
9.37 1.0611 0.0085822412
9.38 1.0574 0.0086901053
9.39 1.0535 0.0088008791
9.4 1.0497 0.0089148472
9.41 1.0457 0.0090316153
9.42 1.0418 0.0091505651
9.43 1.0378 0.0092729448
9.44 1.0337 0.0093987567
9.45 1.0295 0.0095281829
9.46 1.0253 0.0096614503
9.47 1.0211 0.0097974957
9.48 1.0168 0.0099376714
9.49 1.0124 0.01008228
9.5 1.0079 0.010231456
9.51 1.0034 0.010385379
9.52 0.99882 0.010543385
9.53 0.99416 0.010705762
9.54 0.98943 0.010873652
9.55 0.98463 0.011047355
9.56 0.97974 0.011227229
9.57 0.97477 0.011412351
9.58 0.96972 0.011605295
9.59 0.96459 0.011803774
9.6 0.95936 0.012010478
9.61 0.95404 0.012224073
9.62 0.94863 0.012445304
9.63 0.94311 0.012676413
9.64 0.93749 0.012916112
9.65 0.93176 0.013165755
9.66 0.92592 0.013426567
9.67 0.91997 0.013696511
9.68 0.91389 0.013981787
9.69 0.90768 0.014277345
9.7 0.90134 0.014589131
9.71 0.89487 0.014916386
9.72 0.88824 0.015258124
9.73 0.88146 0.015620411
9.74 0.87453 0.016000048
9.75 0.86742 0.016401766
9.76 0.86013 0.01682822
9.77 0.85266 0.017278893
9.78 0.84499 0.01775807
9.79 0.8371 0.018270039
9.8 0.82899 0.018814849
9.81 0.82064 0.019399231
9.82 0.81203 0.020024267
9.83 0.80314 0.020701179
9.84 0.79396 0.021431157
9.85 0.78446 0.022221894
9.86 0.77462 0.023084651
9.87 0.7644 0.024022991
9.88 0.75377 0.025061347
9.89 0.7427 0.026202849
9.9 0.73113 0.027470526
9.91 0.71902 0.02888852
9.92 0.7063 0.030485809
9.93 0.69291 0.032281498
9.94 0.67875 0.034331726
9.95 0.66373 0.036718611
9.96 0.64773 0.03944928
9.97 0.63059 0.042690914
9.98 0.61213 0.046559848
9.99 0.59212 0.051196287
10 0.57028 0.056896735
10.01 0.54634 0.064042194
10.02 0.51961 0.073206663
10.03 0.48963 0.085289142
10.04 0.4558 0.10173763
10.05 0.41768 0.12495913
10.06 0.37581 0.15773064
10.07 0.33373 0.20739216
10.081 0.29987 0.27563384
10.091 0.28301 0.35832538
10.101 0.2862 0.44898694
10.111 0.31053 0.5446785
10.121 0.36066 0.64430007
10.132 0.4474 0.74336181
10.142 0.5869 0.82386341
10.152 0.78228 0.83905501
10.163 0.97349 0.73638679
10.173 1.0645 0.55680842
10.183 1.0562 0.39692006
10.194 1.0055 0.28779187
10.204 0.94601 0.21803353
10.215 0.88906 0.17304537
10.225 0.83711 0.14319705
10.235 0.78993 0.12284875
10.246 0.74664 0.10871063
10.256 0.70631 0.098809345
10.267 0.6681 0.091930247
10.277 0.63132 0.087320989
10.288 0.59536 0.084512917
10.299 0.55969 0.083230859
10.309 0.52381 0.083344637
10.32 0.48721 0.084854605
10.331 0.44939 0.087903587
10.341 0.40977 0.092829401
10.352 0.36769 0.10027941
10.363 0.32251 0.11147143
10.373 0.27388 0.12862328
10.384 0.22314 0.15539533
10.395 0.17589 0.19478739
10.406 0.13974 0.24309947
10.417 0.11555 0.29239156
10.428 0.099498 0.33865367
10.438 0.088346 0.3813056
10.449 0.080215 0.42075773
10.46 0.074044 0.45756988
10.471 0.069215 0.49224204
10.482 0.065344 0.52514422
10.493 0.062184 0.55659641
10.504 0.059567 0.58683862
10.515 0.057376 0.61607084
10.526 0.055524 0.64445307
10.537 0.053951 0.67211532
10.549 0.052608 0.6991678
10.56 0.051458 0.72572008
10.571 0.050474 0.75183238
10.582 0.049631 0.77758469
10.593 0.048913 0.80302702
10.604 0.048304 0.82823936
10.616 0.047792 0.85324193
10.627 0.047367 0.87810431
10.638 0.047022 0.9028467
10.65 0.046748 0.92751932
10.661 0.046541 0.95215174
10.672 0.046396 0.97677418
10.684 0.04631 1.0013869
10.695 0.046277 1.0260893
10.707 0.046297 1.050892
10.718 0.046368 1.0757945
10.73 0.046486 1.1007973
10.741 0.046652 1.1259998
10.753 0.046864 1.1514026
10.764 0.047121 1.1770052
10.776 0.047424 1.202808
10.787 0.047773 1.2289106
10.799 0.048167 1.2553135
10.811 0.048608 1.2821164
10.823 0.049096 1.3092193
10.834 0.049632 1.3366219
10.846 0.050218 1.3645249
10.858 0.050855 1.3928278
10.87 0.051546 1.4216308
10.881 0.052293 1.4510335
10.893 0.053099 1.4808366
10.905 0.053966 1.5113396
10.917 0.054898 1.5424426
10.929 0.055899 1.5742457
10.941 0.056974 1.6067488
10.953 0.058128 1.6400519
10.965 0.059365 1.6741551
10.977 0.060694 1.7091582
10.989 0.06212 1.7451614
11.001 0.063652 1.7821646
11.013 0.065299 1.8202678
11.025 0.067072 1.8595711
11.038 0.068981 1.9000746
11.05 0.071042 1.9420779
11.062 0.073269 1.9854812
11.074 0.07568 2.0305845
11.086 0.078295 2.0773878
11.099 0.081138 2.1260915
11.111 0.084235 2.1767949
11.123 0.08762 2.2298983
11.136 0.091329 2.285402
11.148 0.095407 2.3436055
11.161 0.099905 2.4048092
11.173 0.10489 2.4694127
11.186 0.11043 2.5376165
11.198 0.11662 2.6099201
11.211 0.12358 2.686824
11.223 0.13143 2.7689275
11.236 0.14036 2.8569315
11.249 0.15059 2.9516354
11.261 0.16239 3.0540391
11.274 0.17612 3.1654431
11.287 0.19228 3.2871471
11.299 0.21148 3.4211508
11.312 0.23463 3.5698549
11.325 0.26295 3.736159
11.338 0.2982 3.9242631
11.351 0.34304 4.1393672
11.364 0.4015 4.3888714
11.377 0.48014 4.6831756
11.39 0.59004 5.0371798
11.403 0.75138 5.4731841
11.416 1.0039 6.0249884
11.429 1.4344 6.7414927
11.442 2.2546 7.669897
11.455 3.9953 8.6504014
11.468 7.1558 8.2300058
11.481 8.8505 5.1187102
11.494 8.1363 2.7850147
11.507 7.1444 1.6900191
11.521 6.3532 1.144724
11.534 5.7476 0.83997852
11.547 5.2741 0.65324308
11.561 4.8932 0.53097802
11.574 4.5784 0.44710264
11.587 4.3122 0.38774729
11.601 4.0826 0.34500233
11.614 3.881 0.31412703
11.628 3.7013 0.29220213
11.641 3.5387 0.2773669
11.655 3.3897 0.26849206
11.669 3.2514 0.26492726
11.682 3.1215 0.26641212
11.696 2.998 0.27300738
11.71 2.8793 0.28509268
11.723 2.7639 0.30340762
11.737 2.6507 0.32913299
11.751 2.5386 0.36399838
11.765 2.4272 0.41046381
11.779 2.3165 0.47191927
11.792 2.2081 0.55286438
11.806 2.106 0.65874991
11.82 2.018 0.79490547
11.834 1.9568 0.96397107
11.848 1.9385 1.1622467
11.862 1.9787 1.3775524
11.876 2.0887 1.5905581
11.891 2.273 1.7758642
11.905 2.5264 1.90217
11.919 2.8258 1.9361758
11.933 3.1252 1.8576817
11.947 3.3692 1.6793875
11.962 3.523 1.4460939
11.976 3.5873 1.2076998
11.99 3.5856 0.99558583
12.005 3.5441 0.82029228
12.019 3.4824 0.68041835
12.034 3.4126 0.57015489
12.048 3.3413 0.48321103
12.063 3.2719 0.41418765
12.077 3.206 0.35886386
12.092 3.1442 0.31403056
12.107 3.0866 0.2772973
12.121 3.033 0.24687363
12.136 2.9831 0.22143045
12.151 2.9366 0.19993731
12.165 2.8932 0.18162376
12.18 2.8526 0.16589071
12.195 2.8146 0.15228769
12.21 2.7788 0.14043472
12.225 2.745 0.1300318
12.24 2.7132 0.12086891
12.255 2.683 0.11273607
12.27 2.6544 0.10549328
12.285 2.6272 0.099003522
12.3 2.6013 0.09317181
12.315 2.5766 0.087906142
12.33 2.553 0.083135518
12.346 2.5304 0.078797433
12.361 2.5087 0.074840899
12.376 2.4879 0.071220408
12.392 2.4679 0.067898466
12.407 2.4487 0.064841067
12.422 2.4301 0.062022711
12.438 2.4123 0.059415913
12.453 2.395 0.057001649
12.469 2.3783 0.054758949
12.484 2.3621 0.052672776
12.5 2.3465 0.050729175
12.516 2.3313 0.048914624
12.531 2.3166 0.047216591
12.547 2.3023 0.045626139
12.563 2.2884 0.044134738
12.579 2.275 0.042733388
12.594 2.2618 0.041414545
12.61 2.249 0.040172294
12.626 2.2366 0.039001096
12.642 2.2244 0.037895949
12.658 2.2126 0.036850854
12.674 2.201 0.035861811
12.69 2.1897 0.03492582
12.706 2.1787 0.034037881
12.723 2.1679 0.033196566
12.739 2.1574 0.032396734
12.755 2.147 0.031635956
12.771 2.1369 0.030913229
12.788 2.127 0.030225141
12.804 2.1173 0.029569523
12.821 2.1078 0.02894555
12.837 2.0985 0.028350041
12.853 2.0894 0.027781586
12.87 2.0804 0.027238785
12.887 2.0716 0.026721044
12.903 2.0629 0.026224755
12.92 2.0544 0.025752131
12.937 2.046 0.025298568
12.953 2.0378 0.024864446
12.97 2.0297 0.02445
12.987 2.0217 0.024052615
13.004 2.0139 0.02367229
13.021 2.0062 0.023307027
13.038 1.9986 0.022957825
13.055 1.9911 0.022622683
13.072 1.9837 0.022300603
13.089 1.9765 0.021992584
13.106 1.9693 0.021696627
13.123 1.9622 0.021412731
13.141 1.9552 0.021140555
13.158 1.9483 0.020879786
13.175 1.9415 0.020628078
13.193 1.9348 0.020388102
13.21 1.9282 0.020157522
13.228 1.9216 0.019935682
13.245 1.9152 0.019723229
13.263 1.9088 0.019519524
13.28 1.9024 0.0193232
13.298 1.8962 0.019135631
13.316 1.89 0.018956131
13.333 1.8838 0.018783001
13.351 1.8778 0.018617638
13.369 1.8718 0.018459345
13.387 1.8658 0.018308123
13.405 1.8599 0.018162971
13.423 1.8541 0.018023889
13.441 1.8483 0.017890878
13.459 1.8426 0.017763937
13.477 1.8369 0.017642067
13.495 1.8313 0.017526268
13.514 1.8257 0.017416279
13.532 1.8202 0.017310626
13.55 1.8147 0.017210043
13.569 1.8092 0.017116284
13.587 1.8038 0.017024847
13.605 1.7984 0.016939482
13.624 1.7931 0.016857952
13.643 1.7878 0.016782501
13.661 1.7825 0.016709358
13.68 1.7773 0.016642062
13.699 1.7721 0.016577845
13.717 1.767 0.016517924
13.736 1.7618 0.016461863
13.755 1.7567 0.016409882
13.774 1.7516 0.01636198
13.793 1.7466 0.016318158
13.812 1.7416 0.016277417
13.831 1.7366 0.016239755
13.85 1.7316 0.016207173
13.87 1.7266 0.016177489
13.889 1.7217 0.016151072
13.908 1.7168 0.016127735
13.928 1.7119 0.016108308
13.947 1.707 0.016092136
13.966 1.7022 0.016078043
13.986 1.6973 0.016068875
14.006 1.6925 0.016062795
14.025 1.6877 0.016057952
14.045 1.6829 0.016058046
14.065 1.6781 0.016061228
14.085 1.6734 0.0160675
14.104 1.6686 0.016074991
14.124 1.6639 0.016087436
14.144 1.6591 0.016101971
14.164 1.6544 0.016120594
14.184 1.6497 0.016141307
14.205 1.645 0.016166001
14.225 1.6403 0.016192896
14.245 1.6356 0.01622288
14.265 1.6309 0.016254953
14.286 1.6262 0.016291026
14.306 1.6215 0.016330281
14.327 1.6168 0.016372545
14.347 1.6121 0.016415983
14.368 1.6074 0.016464438
14.388 1.6027 0.016514058
14.409 1.5981 0.016568705
14.43 1.5934 0.016625449
14.451 1.5887 0.016685292
14.472 1.584 0.016748232
14.493 1.5793 0.016814269
14.514 1.5746 0.016883405
14.535 1.5699 0.016955638
14.556 1.5651 0.017029969
14.577 1.5604 0.017108397
14.599 1.5557 0.017190902
14.62 1.5509 0.01727553
14.641 1.5462 0.017363255
14.663 1.5414 0.017455071
14.684 1.5366 0.017549995
14.706 1.5319 0.017648019
14.728 1.5271 0.017750149
14.749 1.5222 0.017854373
14.771 1.5174 0.017963711
14.793 1.5126 0.018076155
14.815 1.5077 0.018192705
14.837 1.5028 0.018312361
14.859 1.4979 0.018436122
14.881 1.493 0.018562989
14.903 1.4881 0.018694961
14.925 1.4831 0.018830038
14.948 1.4781 0.018970277
14.97 1.4731 0.019113569
14.993 1.4681 0.019263032
15.015 1.463 0.019414538
15.038 1.4579 0.019572225
15.06 1.4528 0.019732944
15.083 1.4477 0.019899853
15.106 1.4425 0.020070876
15.129 1.4373 0.020247012
15.152 1.4321 0.020428261
15.175 1.4268 0.020614623
15.198 1.4215 0.020806097
15.221 1.4162 0.021003684
15.244 1.4108 0.021206384
15.267 1.4054 0.021414195
15.291 1.3999 0.021630247
15.314 1.3945 0.021850286
15.337 1.3889 0.022076437
15.361 1.3833 0.022310843
15.385 1.3777 0.022551369
15.408 1.372 0.022797861
15.432 1.3663 0.023052622
15.456 1.3606 0.023314503
15.48 1.3547 0.023584504
15.504 1.3489 0.023861623
15.528 1.3429 0.024146861
15.552 1.3369 0.024441217
15.576 1.3309 0.024743691
15.601 1.3248 0.025056477
15.625 1.3186 0.02537819
15.649 1.3124 0.025709021
15.674 1.3061 0.026050177
15.699 1.2997 0.026403459
15.723 1.2933 0.026765648
15.748 1.2868 0.027140176
15.773 1.2802 0.027526828
15.798 1.2735 0.027926605
15.823 1.2667 0.028338506
15.848 1.2599 0.02876353
15.873 1.253 0.029203677
15.898 1.246 0.029657947
15.924 1.2389 0.030128597
15.949 1.2317 0.030614115
15.974 1.2243 0.031116754
16 1.2169 0.031637786
16.026 1.2094 0.032177949
16.051 1.2018 0.032735957
16.077 1.194 0.033315373
16.103 1.1862 0.033916916
16.129 1.1782 0.034540588
16.155 1.1701 0.035189386
16.181 1.1618 0.03586231
16.207 1.1534 0.036561361
16.234 1.1449 0.037290853
16.26 1.1362 0.038048158
16.287 1.1273 0.038838914
16.313 1.1183 0.039661471
16.34 1.1091 0.040521487
16.367 1.0998 0.041418634
16.393 1.0902 0.042354567
16.42 1.0805 0.04333497
16.447 1.0705 0.044361504
16.474 1.0604 0.045436165
16.502 1.05 0.04656532
16.529 1.0394 0.047749242
16.556 1.0285 0.048993289
16.584 1.0174 0.050303842
16.611 1.006 0.051684145
16.639 0.99432 0.053140961
16.667 0.98235 0.054679909
16.694 0.97007 0.056305591
16.722 0.95745 0.058030797
16.75 0.94447 0.059861132
16.779 0.93113 0.061809009
16.807 0.91739 0.063882606
16.835 0.90323 0.06609533
16.863 0.88862 0.068461181
16.892 0.87353 0.071000587
16.92 0.85794 0.073726691
16.949 0.84181 0.076667358
16.978 0.82509 0.079844157
17.007 0.80775 0.083290085
17.036 0.78973 0.087038142
17.065 0.77099 0.091132328
17.094 0.75147 0.09562164
17.123 0.7311 0.10057008
17.153 0.7098 0.10605111
17.182 0.68751 0.1121538
17.212 0.66413 0.11899809
17.241 0.63957 0.12673103
17.271 0.61373 0.13552558
17.301 0.58651 0.14562025
17.331 0.55784 0.15732505
17.361 0.52766 0.17102998
17.391 0.496 0.18723503
17.422 0.46303 0.2065617
17.452 0.42919 0.229717
17.483 0.39527 0.25736393
17.513 0.36249 0.28986947
17.544 0.33228 0.32701665
17.575 0.30588 0.36785395
17.606 0.28386 0.41103138
17.637 0.26613 0.45524892
17.668 0.25216 0.49959659
17.699 0.24133 0.54355437
17.73 0.23307 0.58690227
17.762 0.22689 0.62958183
17.794 0.22244 0.67163152
17.825 0.21945 0.71314976
17.857 0.2177 0.75423968
17.889 0.21707 0.79502971
17.921 0.21744 0.83563986
17.953 0.21876 0.87620012
17.986 0.22099 0.91682207
18.018 0.2241 0.95764255
18.051 0.22812 0.99876473
18.083 0.23306 1.0403154
18.116 0.23898 1.0824678
18.149 0.24594 1.1252203
18.182 0.25403 1.1687729
18.215 0.26336 1.2133257
18.248 0.27409 1.2589785
18.282 0.28637 1.305833
18.315 0.30044 1.354086
18.349 0.31656 1.4038408
18.382 0.33505 1.455394
18.416 0.35631 1.5088489
18.45 0.38086 1.5644039
18.484 0.40929 1.6221591
18.519 0.44239 1.6822159
18.553 0.4811 1.7446712
18.587 0.52662 1.8095266
18.622 0.58043 1.8764837
18.657 0.64436 1.9448409
18.692 0.72061 2.0136982
18.727 0.81172 2.0808556
18.762 0.92044 2.1432131
18.797 1.0492 2.1958706
18.832 1.1994 2.2314283
18.868 1.3692 2.2402876
18.904 1.5522 2.2121471
18.939 1.7353 2.1384049
18.975 1.9004 2.0176645
19.011 2.0296 1.8586242
19.048 2.1116 1.6779855
19.084 2.1453 1.4945453
19.12 2.1376 1.3232052
19.157 2.0988 1.1722668
19.194 2.0388 1.0446284
19.231 1.9652 0.94002011
19.268 1.8834 0.85673187
19.305 1.7968 0.79276369
19.342 1.7072 0.74660556
19.38 1.6158 0.71760915
19.417 1.5234 0.70626111
19.455 1.4313 0.7144748
19.493 1.342 0.74577853
19.531 1.2617 0.80487229
19.569 1.2021 0.8954661
19.608 1.1813 1.0154216
19.646 1.2212 1.1504855
19.685 1.3395 1.2677511
19.724 1.531 1.3130167
19.763 1.7378 1.2355823
19.802 1.8682 1.054148
19.841 1.8887 0.85229369
19.881 1.8354 0.68787107
19.92 1.7507 0.57005678
19.96 1.6576 0.48887418
20 1.5655 0.4331916
20.04 1.4772 0.39495902
20.08 1.393 0.36891643
20.121 1.3123 0.35180554
20.161 1.2343 0.34159295
20.202 1.158 0.33712204
20.243 1.0826 0.33781111
20.284 1.0074 0.34354017
20.325 0.93168 0.35459922
20.367 0.85516 0.37171992
20.408 0.77773 0.39605892
20.45 0.70004 0.42917956
20.492 0.62384 0.47266018
20.534 0.55215 0.52724076
20.576 0.48856 0.5917813
20.619 0.43552 0.66312347
20.661 0.39336 0.73760392
20.704 0.3608 0.81245599
20.747 0.33604 0.886178
20.79 0.31743 0.95822996
20.833 0.30371 1.0285819
20.877 0.29395 1.0974553
20.921 0.28752 1.1651288
20.964 0.28399 1.2321005
21.008 0.28309 1.2986737
21.053 0.2847 1.3653486
21.097 0.28879 1.4324217
21.142 0.29546 1.5002963
21.186 0.30491 1.5693692
21.231 0.31744 1.6402437
21.277 0.33352 1.7132197
21.322 0.35378 1.7888939
21.368 0.37909 1.8676697
21.413 0.41064 1.9502437
21.459 0.45004 2.0369192
21.505 0.49948 2.1281946
21.552 0.56198 2.2240715
21.598 0.64163 2.3240466
21.645 0.74396 2.4262232
21.692 0.87608 2.5261996
21.739 1.0461 2.6148759
21.786 1.2609 2.6754521
21.834 1.5192 2.6815296
21.882 1.8002 2.6013071
21.93 2.0574 2.4171843
21.978 2.2351 2.1485613
22.026 2.3049 1.8485382
22.075 2.2785 1.5687165
22.124 2.1871 1.3358945
22.173 2.0599 1.1542724
22.222 1.9156 1.0180501
22.272 1.7646 0.91928908
22.321 1.6118 0.8510863
22.371 1.459 0.80871487
22.422 1.3069 0.78960477
22.472 1.156 0.79320287
22.523 1.0082 0.82048228
22.573 0.86751 0.87262989
22.624 0.74049 0.9485888
22.676 0.63323 1.043059
22.727 0.54798 1.1482374
22.779 0.48279 1.257117
22.831 0.43387 1.3657963
22.883 0.39755 1.4726754
22.936 0.37096 1.5774557
22.989 0.35205 1.6806357
23.041 0.33943 1.7829139
23.095 0.3322 1.8850947
23.148 0.32985 1.9882738
23.202 0.33223 2.093354
23.256 0.33944 2.2015339
23.31 0.35194 2.3141134
23.364 0.37057 2.4324926
23.419 0.39669 2.5584729
23.474 0.43241 2.6939529
23.529 0.48099 2.8414324
23.585 0.5475 3.0038131
23.641 0.64005 3.1840934
23.697 0.77188 3.3846732
23.753 0.96492 3.6047527
23.81 1.2548 3.8316332
23.866 1.6911 4.0182119
23.923 2.3028 4.0417916
23.981 2.9709 3.7174723
24.038 3.3778 3.0491511
24.096 3.3774 2.3459309
24.155 3.1266 1.8249117
24.213 2.7887 1.4955906
24.272 2.436 1.3089704
24.331 2.0908 1.2279497
24.39 1.76 1.2357286
24.45 1.4546 1.3291083
24.51 1.1977 1.5015876
24.57 1.0107 1.7283663
24.631 0.89364 1.9788459
24.691 0.83296 2.2360237
24.752 0.81677 2.4965022
24.814 0.83957 2.7633815
24.876 0.90255 3.0422603
24.938 1.014 3.3395385
25 1.1919 3.6600162
25.063 1.4685 4.0023946
25.126 1.8977 4.3443725
25.189 2.5494 4.6046498
25.253 3.4366 4.5855277
25.316 4.3176 4.0591038
25.381 4.7726 3.1622818
25.445 4.7512 2.320458
25.51 4.4977 1.7168348
25.575 4.1861 1.317311
25.641 3.8835 1.0530877
25.707 3.6073 0.87420379
25.773 3.3585 0.75001927
25.84 3.1332 0.66221525
25.907 2.9267 0.59969058
25.974 2.7346 0.55556527
26.042 2.5531 0.52562041
26.11 2.3788 0.50726488
26.178 2.2088 0.49915869
26.247 2.0404 0.5008929
26.316 1.871 0.51306642
26.385 1.6981 0.53743926
26.455 1.5195 0.57743246
26.525 1.3345 0.63885495
26.596 1.1458 0.73029775
26.667 0.96427 0.86027983
26.738 0.80851 1.0274712
26.81 0.69123 1.2158428
26.882 0.60993 1.4078137
26.954 0.55529 1.5950839
27.027 0.51924 1.7757542
27.1 0.49645 1.9509238
27.174 0.48365 2.1224936
27.248 0.47892 2.2922626
27.322 0.48121 2.4624309
27.397 0.49004 2.6346993
27.473 0.50543 2.8112677
27.548 0.52781 2.9939345
27.624 0.55804 3.1851014
27.701 0.59753 3.3872684
27.778 0.64835 3.6033345
27.855 0.71357 3.8366998
27.933 0.79767 4.0916651
28.011 0.90734 4.3730296
28.09 1.0528 4.6867941
28.169 1.25 5.0395577
28.249 1.5247 5.4367213
28.329 1.9189 5.878484
28.409 2.5006 6.3442459
28.49 3.3663 6.7539077
28.571 4.5867 6.8911686
28.653 5.9863 6.4038293
28.736 6.9954 5.22479
28.818 7.269 3.882849
28.902 7.0528 2.8247085
28.986 6.6649 2.0986671
29.07 6.2595 1.6121249
29.155 5.8872 1.2797824
29.24 5.5584 1.045639
29.326 5.2706 0.87552534
29.412 5.0178 0.74848077
29.499 4.7943 0.65130591
29.586 4.5948 0.57547012
29.674 4.4152 0.51529402
29.762 4.2518 0.46688699
29.851 4.102 0.42752961
29.94 3.9635 0.39526129
30.03 3.8342 0.3686726
30.12 3.7127 0.34670297
30.211 3.5976 0.32855294
30.303 3.4877 0.31365249
30.395 3.382 0.30153107
30.488 3.2798 0.29187921
30.581 3.18 0.28442638
30.675 3.0821 0.27902309
30.769 2.9852 0.27555882
30.864 2.8887 0.27400406
30.96 2.7918 0.2743488
31.056 2.6939 0.27670254
31.153 2.594 0.28120576
31.25 2.4915 0.28811799
31.348 2.3853 0.29780967
31.447 2.2742 0.31082078
31.546 2.157 0.32795089
31.646 2.0321 0.35036042
31.746 1.8975 0.37983895
31.847 1.751 0.41920687
31.949 1.5899 0.47304417
32.051 1.4123 0.54914048
32.154 1.2196 0.66019614
32.258 1.0242 0.82227114
32.362 0.85474 1.0394451
32.468 0.73397 1.2892788
32.573 0.65829 1.5457111
32.68 0.61417 1.7986431
32.787 0.59145 2.047674
32.895 0.58435 2.2957042
33.003 0.59002 2.5462335
33.113 0.60739 2.8033622
33.223 0.63673 3.07099
33.333 0.67952 3.3539167
33.445 0.73858 3.657343
33.557 0.81855 3.9876682
33.67 0.9269 4.3530927
33.784 1.0756 4.7636164
33.898 1.2847 5.2318391
34.014 1.5887 5.7721612
34.13 2.0498 6.3961823
34.247 2.7819 7.0906026
34.364 3.9767 7.7380219
34.483 5.798 7.9102406
34.602 7.7649 6.8918583
34.722 8.6818 4.9757751
34.843 8.5211 3.3432912
34.965 7.9894 2.3033063
35.088 7.4356 1.6703207
35.211 6.947 1.273434
35.336 6.5293 1.0152266
35.461 6.1691 0.84425826
35.587 5.8501 0.73577905
35.714 5.5559 0.68499896
35.842 5.2762 0.716358
35.971 5.0629 0.91611617
36.101 5.2694 1.2132035
36.232 5.5912 0.88759985
36.364 5.4534 0.54970536
36.496 5.258 0.39771995
36.63 5.0932 0.32069369
36.765 4.9567 0.27409653
36.9 4.8406 0.24209846
37.037 4.7396 0.21822951
37.175 4.65 0.19941966
37.313 4.5695 0.18403892
37.453 4.4965 0.17112728
37.594 4.4296 0.16009473
37.736 4.368 0.15052129
37.879 4.311 0.14211695
38.023 4.2579 0.13468171
38.168 4.2082 0.12803558
38.314 4.1617 0.12207855
38.462 4.1179 0.11669557
38.61 4.0766 0.11180976
38.76 4.0376 0.10735699
38.911 4.0006 0.10328333
39.062 3.9655 0.099540858
39.216 3.9321 0.096093345
39.37 3.9003 0.092908029
39.526 3.8699 0.089955744
39.683 3.8408 0.087213577
39.841 3.813 0.084659536
40 3.7863 0.082275625
40.161 3.7608 0.080044738
40.323 3.7362 0.077954984
40.486 3.7125 0.075992371
40.65 3.6898 0.074145907
40.816 3.6678 0.072405466
40.984 3.6467 0.070763044
41.152 3.6262 0.069209916
41.322 3.6065 0.067739815
41.494 3.5874 0.066345738
41.667 3.5689 0.065021832
41.841 3.551 0.063764109
42.017 3.5337 0.062566417
42.194 3.5168 0.061424919
42.373 3.5005 0.060335458
42.553 3.4846 0.059295204
42.735 3.4692 0.058299994
42.918 3.4543 0.057348006
43.103 3.4397 0.056435071
43.29 3.4255 0.055559191
43.478 3.4117 0.054719553
43.668 3.3983 0.053910982
43.86 3.3852 0.053134481
44.053 3.3724 0.052386247
44.248 3.3599 0.051666096
44.444 3.3478 0.050971233
44.643 3.3359 0.050301265
44.843 3.3243 0.049653602
45.045 3.313 0.049027047
45.249 3.3019 0.04842261
45.455 3.2911 0.047836295
45.662 3.2805 0.047269324
45.872 3.2701 0.046719281
46.083 3.26 0.046185601
46.296 3.25 0.04566808
46.512 3.2403 0.045165506
46.729 3.2308 0.044677328
46.948 3.2215 0.044203336
47.17 3.2123 0.043741315
47.393 3.2033 0.043292725
47.619 3.1945 0.042855123
47.847 3.1859 0.042428747
48.077 3.1774 0.042013607
48.309 3.1691 0.041608715
48.544 3.1609 0.041213849
48.78 3.1529 0.040828488
49.02 3.145 0.04045194
49.261 3.1372 0.040084922
49.505 3.1296 0.039725974
49.751 3.1221 0.039375346
50 3.1147 0.039031811
50.251 3.1074 0.038696622
50.505 3.1003 0.038368551
50.761 3.0932 0.038047852
51.02 3.0863 0.037733298
51.282 3.0795 0.037425902
51.546 3.0727 0.037125919
51.813 3.0661 0.036831123
52.083 3.0595 0.036542526
52.356 3.0531 0.036261144
52.632 3.0467 0.035984992
52.91 3.0404 0.035714328
53.191 3.0341 0.035450925
53.476 3.028 0.035192554
53.763 3.0219 0.034939718
54.054 3.0159 0.034692947
54.348 3.0099 0.034452502
54.645 3.004 0.034217398
54.945 2.9981 0.033988652
55.249 2.9923 0.033766041
55.556 2.9866 0.033549823
55.866 2.9808 0.033340016
56.18 2.9752 0.033137398
56.497 2.9695 0.032942228
56.818 2.9638 0.032754283
57.143 2.9582 0.032575584
57.471 2.9526 0.03240439
57.803 2.947 0.032244481
58.14 2.9413 0.03209364
58.48 2.9357 0.031955364
58.824 2.93 0.031829434
59.172 2.9243 0.031718873
59.524 2.9185 0.031625701
59.88 2.9127 0.03155094
60.241 2.9067 0.03149838
60.606 2.9007 0.031472276
60.976 2.8945 0.03147642
61.35 2.8882 0.031518066
61.728 2.8816 0.031603234
62.112 2.8748 0.031743496
62.5 2.8677 0.031951329
62.893 2.8602 0.032244532
63.291 2.8522 0.03264513
63.694 2.8437 0.033188149
64.103 2.8344 0.033917395
64.516 2.8242 0.034901334
64.935 2.8128 0.036239554
65.359 2.7999 0.0380863
65.789 2.7847 0.040689383
66.225 2.7667 0.044470835
66.667 2.7444 0.050188684
67.114 2.7157 0.059314169
67.568 2.6772 0.075013901
68.027 2.6224 0.10502732
68.493 2.5407 0.17184106
68.966 2.4339 0.35341513
69.444 2.5582 0.81202899
69.93 3.2488 0.74677205
70.423 3.2986 0.31441455
70.922 3.1911 0.15712673
71.429 3.1137 0.097574211
71.942 3.0618 0.070007431
72.464 3.0252 0.055188842
72.993 2.998 0.046328865
73.529 2.9769 0.040598532
74.074 2.9599 0.036661505
74.627 2.9459 0.03382401
75.188 2.9339 0.031696084
75.758 2.9236 0.030046584
76.336 2.9145 0.028731728
76.923 2.9064 0.027656378
77.519 2.8991 0.026759573
78.125 2.8924 0.025995183
78.74 2.8863 0.025333322
79.365 2.8806 0.024751862
80 2.8753 0.024233748
80.645 2.8704 0.023766623
81.301 2.8657 0.023340768
81.967 2.8613 0.022948991
82.645 2.8571 0.02258522
83.333 2.8531 0.022245117
84.034 2.8492 0.021924663
84.746 2.8456 0.021621117
85.47 2.842 0.021331974
86.207 2.8386 0.021055237
86.957 2.8354 0.020789059
87.719 2.8322 0.020532439
88.496 2.8291 0.020283696
89.286 2.8262 0.020042275
90.09 2.8233 0.019807187
90.909 2.8205 0.019577553
91.743 2.8178 0.019353032
92.593 2.8151 0.01913285
93.458 2.8125 0.018916702
94.34 2.81 0.018704188
95.238 2.8076 0.018494899
96.154 2.8052 0.018288448
97.087 2.8028 0.018084725
98.039 2.8005 0.017883352
99.01 2.7983 0.017684202
100 2.7961 0.017487145
101.01 2.794 0.017291834
102.04 2.7919 0.017098241
103.09 2.7898 0.016906438
104.17 2.7878 0.016715211
105.26 2.7858 0.016526608
106.38 2.7839 0.016338449
107.53 2.782 0.016150853
108.7 2.7802 0.015964841
109.89 2.7783 0.01578037
111.11 2.7766 0.015596426
112.36 2.7748 0.015413117
113.64 2.7731 0.015230449
114.94 2.7714 0.015049332
116.28 2.7697 0.014868027
117.65 2.7681 0.014687556
119.05 2.7665 0.014507911
120.48 2.7649 0.014329079
121.95 2.7634 0.014150327
123.46 2.7619 0.013971887
125 2.7604 0.013794473
126.58 2.759 0.013617391
128.21 2.7575 0.013440014
129.87 2.7561 0.01326397
131.58 2.7548 0.013087792
133.33 2.7534 0.012912333
135.14 2.7521 0.012736334
136.99 2.7508 0.012561317
138.89 2.7495 0.012386623
140.85 2.7482 0.012211858
142.86 2.747 0.012037607
144.93 2.7458 0.011863595
147.06 2.7446 0.011689781
149.25 2.7434 0.011516419
151.52 2.7423 0.011342554
153.85 2.7412 0.011169284
156.25 2.7401 0.010996417
158.73 2.739 0.010823515
161.29 2.7379 0.010650778
163.93 2.7369 0.010478294
166.67 2.7359 0.010305424
169.49 2.7349 0.010133311
172.41 2.7339 0.0099611478
175.44 2.733 0.0097888459
178.57 2.732 0.0096169623
181.82 2.7311 0.0094448182
185.19 2.7302 0.0092728782
188.68 2.7293 0.0091012903
192.31 2.7285 0.0089295868
196.08 2.7276 0.008757958
200 2.7268 0.0085864503
204.08 2.726 0.0084150392
208.33 2.7252 0.0082436271
212.77 2.7245 0.0080720534
217.39 2.7237 0.0079008538
222.22 2.723 0.0077295328
227.27 2.7223 0.0075583098
232.56 2.7216 0.0073868752
238.1 2.7209 0.0072156047
243.9 2.7202 0.0070445806
250 2.7196 0.0068733583
256.41 2.719 0.0067021168
263.16 2.7184 0.006530949
270.27 2.7178 0.0063597976
277.78 2.7172 0.0061885868
285.71 2.7166 0.0060174569
294.12 2.7161 0.0058462467
303.03 2.7156 0.0056750172
312.5 2.7151 0.0055038798
322.58 2.7146 0.0053325939
333.33 2.7141 0.0051613724
344.83 2.7136 0.0049900952
357.14 2.7132 0.0048187869
370.37 2.7128 0.0046474724
384.62 2.7123 0.0044760677
400 2.7119 0.004304711
416.67 2.7116 0.0041332496
434.78 2.7112 0.0039618128
454.55 2.7109 0.0037902503
476.19 2.7105 0.0036187067
500 2.7102 0.0034470781
526.32 2.7099 0.003275384
555.56 2.7096 0.0031036553
588.24 2.7094 0.0029318723
625 2.7091 0.002760034
666.67 2.7089 0.0025881164
714.29 2.7086 0.0024161287
769.23 2.7084 0.0022440979
833.33 2.7082 0.0020719831
909.09 2.7081 0.0018997845
1000 2.7079 0.0017275071

