0.08 1.2095608 0.91175142
0.081 1.2364706 0.91336647
0.082 1.2601208 0.90907031
0.083 1.2834766 0.89965109
0.084 1.2949497 0.88385058
0.085 1.3048543 0.86784959
0.086 1.3090047 0.86078241
0.087 1.3066762 0.86175722
0.088 1.3055446 0.87152701
0.089 1.3056346 0.88902542
0.09 1.3102837 0.90709207
0.091 1.327033 0.92497452
0.092 1.3561295 0.93384338
0.093 1.3944608 0.94271223
0.094 1.4176017 0.9445526
0.095 1.4402352 0.94244914
0.096 1.4586792 0.94296743
0.097 1.4720787 0.94664269
0.098 1.4854781 0.95122441
0.099 1.5101997 0.95663668
0.1 1.5419271 0.95899347
0.101 1.573607 0.95495032
0.102 1.6052083 0.95073044
0.103 1.6368096 0.93898994
0.104 1.6628971 0.92724944
0.105 1.6878759 0.91123281
0.106 1.709432 0.88901365
0.107 1.7250719 0.8667945
0.108 1.7407117 0.84381768
0.109 1.7519841 0.81986741
0.11 1.754617 0.80555454
0.111 1.7572499 0.79613681
0.112 1.7598828 0.78671907
0.113 1.7624037 0.78028696
0.114 1.7648646 0.77808138
0.115 1.7673255 0.77587581
0.116 1.7697864 0.77367024
0.117 1.7808224 0.76994892
0.118 1.7953603 0.760064
0.119 1.8100243 0.75017908
0.12 1.8257848 0.73752559
0.121 1.8415453 0.72275878
0.122 1.8568538 0.70799197
0.123 1.8678838 0.6928755
0.124 1.8789139 0.67745301
0.125 1.8811403 0.66203053
0.126 1.8752648 0.64633309
0.127 1.8691569 0.63061596
0.128 1.8615979 0.63015527
0.129 1.8540388 0.63274089
0.13 1.8470044 0.63909728
0.131 1.8574495 0.64554189
0.132 1.8678945 0.64633154
0.133 1.8793687 0.63871255
0.134 1.8911676 0.62644809
0.135 1.8911837 0.61756746
0.136 1.887303 0.60980595
0.137 1.8821315 0.60640994
0.138 1.8743308 0.61190693
0.139 1.86653 0.62149898
0.14 1.8587293 0.6502715
0.141 1.8726683 0.68845928
0.142 1.8953059 0.71682508
0.143 1.9363466 0.73323769
0.144 1.9810926 0.73553549
0.145 2.0394406 0.73783329
0.146 2.1049337 0.72383577
0.147 2.1575272 0.66646649
0.148 2.1972678 0.59914068
0.149 2.2304074 0.52709024
0.15 2.2396888 0.40832334
0.151 2.2489702 0.26140798
0.152 2.2493389 0.15993038
0.153 2.240446 0.074176614
0.154 2.2315531 0.042088307
0.155 2.2114548 0.01
0.156 2.1893454 0.003
0.157 2.167236 0.001
0.158 2.1508029 0.0003
0.159 2.137486 0.0001
0.16 2.1241692 4e-05
0.161 2.1108523 2e-05
0.162 2.0975355 1.2e-05
0.163 2.0858958 9e-06
0.164 2.0775629 7e-06
0.165 2.06923 6e-06
0.166 2.0608971 5.5e-06
0.167 2.0525643 5.2e-06
0.168 2.0442314 4.900004e-06
0.169 2.03606 4.6781661e-06
0.17 2.0290707 4.5359187e-06
0.171 2.0220815 4.4007723e-06
0.172 2.0150923 4.2772632e-06
0.173 2.0081031 4.1643041e-06
0.174 2.0011138 4.0587474e-06
0.175 1.9941246 3.9498162e-06
0.176 1.9877673 3.8522418e-06
0.177 1.9823197 3.7595375e-06
0.178 1.9768721 3.6654336e-06
0.179 1.9714245 3.5760902e-06
0.18 1.9659769 3.4930212e-06
0.181 1.9605293 3.4262193e-06
0.182 1.9550817 3.3534931e-06
0.183 1.9496342 3.2883952e-06
0.184 1.9441866 3.2387843e-06
0.185 1.9391337 3.1769899e-06
0.186 1.9353913 3.126018e-06
0.187 1.9316489 3.1014485e-06
0.188 1.9279065 3.0764095e-06
0.189 1.924164 3.0520637e-06
0.19 1.9204216 3.0397182e-06
0.191 1.9166792 3.0222808e-06
0.192 1.9129368 2.9941766e-06
0.193 1.9091944 2.9768491e-06
0.194 1.905452 2.9536362e-06
0.195 1.9017096 2.923465e-06
0.196 1.8979671 2.8780204e-06
0.197 1.8942247 2.8281163e-06
0.198 1.8904823 2.7719467e-06
0.199 1.8867399 2.696638e-06
0.2 1.8829975 2.6137057e-06
0.201 1.8792551 2.52149e-06
0.202 1.8759604 2.4137476e-06
0.203 1.8734258 2.2957869e-06
0.204 1.8708911 2.1745371e-06
0.205 1.8683565 2.0501733e-06
0.206 1.8658219 1.9128652e-06
0.207 1.8632873 1.7870308e-06
0.208 1.8607526 1.671759e-06
0.209 1.858218 1.5519419e-06
0.21 1.8556834 1.4283282e-06
0.211 1.8531488 1.3259327e-06
0.212 1.8506142 1.2178962e-06
0.213 1.8480795 1.1177399e-06
0.214 1.8455449 1.0372371e-06
0.215 1.8430103 9.596041e-07
0.216 1.8404757 8.9228147e-07
0.217 1.837941 8.2593477e-07
0.218 1.8354064 7.5819913e-07
0.219 1.8328718 7.1239849e-07
0.22 1.8303372 6.6571944e-07
0.221 1.8278025 6.2341779e-07
0.222 1.8252679 5.7279115e-07
0.223 1.8227333 5.3045068e-07
0.224 1.8201987 5.0309255e-07
0.225 1.817664 4.7643668e-07
0.226 1.8151294 4.4599881e-07
0.227 1.8125948 4.2056763e-07
0.228 1.8103033 3.8777782e-07
0.229 1.8083614 3.5440644e-07
0.23 1.8064194 3.2737709e-07
0.231 1.8044775 3.0608884e-07
0.232 1.8025355 2.8545435e-07
0.233 1.8005936 2.7220501e-07
0.234 1.7986517 2.6257873e-07
0.235 1.7967097 2.2865731e-07
0.236 1.7947678 2.0020163e-07
0.237 1.7928258 1.8490476e-07
0.238 1.7908839 1.8064278e-07
0.239 1.7889419 1.6687881e-07
0.24 1.787 1.4895221e-07
0.241 1.7857333 1.4298935e-07
0.242 1.7844667 1.3690927e-07
0.243 1.7832 1.1816196e-07
0.244 1.7819333 9.8240334e-08
0.245 1.7806667 9.3315463e-08
0.246 1.7794 8.6298924e-08
0.247 1.7781333 7.9973321e-08
0.248 1.7768667 6.6150945e-08
0.249 1.7756 5.5324243e-08
0.25 1.7743333 5.3625624e-08
0.26 1.7619 0
0.27 1.7511074 0
0.28 1.7420589 0
0.29 1.7337196 0
0.3 1.7265 0
0.31 1.7205 0
0.32 1.7151242 0
0.33 1.7103727 0
0.34 1.7064018 0
0.35 1.7034345 0
0.36 1.7004673 0
0.37 1.6975 0
0.38 1.6951667 0
0.39 1.6928333 0
0.4 1.6905 0
0.41 1.6887689 0
0.42 1.6870379 0
0.43 1.6853068 0
0.44 1.683928 0
0.45 1.6828567 0
0.46 1.6817853 0
0.47 1.680714 0
0.48 1.6796427 0
0.49 1.6785713 0
0.5 1.6775 0
0.51 1.6767 0
0.52 1.6759 0
0.53 1.6751 0
0.54 1.6743 0
0.55 1.6735 0
0.56 1.6728995 0
0.57 1.672299 0
0.58 1.6716984 0
0.59 1.6710979 0
0.6 1.6704974 0
0.61 1.6698969 0
0.62 1.6693943 0
0.63 1.6690825 0
0.64 1.6687707 0
0.65 1.6684589 0
0.66 1.6681471 0
0.67 1.6678353 0
0.68 1.6675236 0
0.69 1.6672118 0
0.7 1.6669 0
0.71 1.66671 0
0.72 1.66652 0
0.73 1.66633 0
0.74 1.66614 0
0.75 1.66595 0
0.76 1.66576 0
0.77 1.66557 0
0.78 1.66538 0
0.79 1.66519 0
0.8 1.665 0
0.81 1.66483 0
0.82 1.66466 0
0.83 1.66449 0
0.84 1.66432 0
0.85 1.66415 0
0.86 1.66398 0
0.87 1.66381 0
0.88 1.66364 0
0.89 1.66347 0
0.9 1.6633 0
0.91 1.66315 0
0.92 1.663 0
0.93 1.66285 0
0.94 1.6627 0
0.95 1.66255 0
0.96 1.6624 0
0.97 1.66225 0
0.98 1.6621 0
0.99 1.66195 0
1 1.6618 0
1.01 1.66167 0
1.02 1.66154 0
1.03 1.66141 0
1.04 1.66128 0
1.05 1.66115 0
1.06 1.66102 0
1.07 1.66089 0
1.08 1.66076 0
1.09 1.66063 0
1.1 1.6605 0
1.11 1.6604249 0
1.12 1.6603499 0
1.13 1.6602748 0
1.14 1.6601997 0
1.15 1.6601247 0
1.16 1.6600496 0
1.17 1.6599745 0
1.18 1.6598995 0
1.19 1.6598244 0
1.2 1.6597493 0
1.21 1.6596743 0
1.22 1.6595992 0
1.23 1.6595242 0
1.24 1.6594491 0
1.25 1.659374 0
1.26 1.6592 0
1.27 1.6591 0
1.28 1.6591 0
1.29 1.659 0
1.3 1.6589 0
1.31 1.6588 0
1.32 1.6587 0
1.33 1.6586 0
1.34 1.6586 0
1.35 1.6585 0
1.36 1.6584 0
1.37 1.6583 0
1.38 1.6582 0
1.39 1.6581 0
1.4 1.658 0
1.41 1.6579 0
1.42 1.6578 0
1.43 1.6577 0
1.44 1.6576 0
1.45 1.6575 0
1.46 1.6575 0
1.47 1.6574 0
1.48 1.6573 0
1.49 1.6572 0
1.5 1.6571 0
1.51 1.657 0
1.52 1.6569 0
1.53 1.6568 0
1.54 1.6567 0
1.55 1.6566 0
1.56 1.6565 0
1.57 1.6564 0
1.58 1.6563 0
1.59 1.6562 0
1.6 1.656 0
1.61 1.6559 0
1.62 1.6558 0
1.63 1.6557 0
1.64 1.6556 0
1.65 1.6555 0
1.66 1.6554 0
1.67 1.6553 0
1.68 1.6552 0
1.69 1.6551 0
1.7 1.655 0
1.71 1.6548 0
1.72 1.6547 0
1.73 1.6546 0
1.74 1.6545 0
1.75 1.6544 0
1.76 1.6543 0
1.77 1.6542 0
1.78 1.654 0
1.79 1.6539 0
1.8 1.6538 0
1.81 1.6537 0
1.82 1.6536 0
1.83 1.6534 0
1.84 1.6533 0
1.85 1.6532 0
1.86 1.6531 0
1.87 1.653 0
1.88 1.6528 0
1.89 1.6527 0
1.9 1.6526 0
1.91 1.6524 0
1.92 1.6523 0
1.93 1.6522 0
1.94 1.6521 0
1.95 1.6519 0
1.96 1.6518 0
1.97 1.6517 0
1.98 1.6515 0
1.99 1.6514 0
2 1.6513 0
2.01 1.6511 0
2.02 1.651 0
2.03 1.6509 0
2.04 1.6507 0
2.05 1.6506 0
2.06 1.6505 0
2.07 1.6503 0
2.08 1.6502 0
2.09 1.65 0
2.1 1.6499 0
2.11 1.6498 0
2.12 1.6496 0
2.13 1.6495 0
2.14 1.6493 0
2.15 1.6492 0
2.16 1.649 0
2.17 1.6489 0
2.18 1.6487 0
2.19 1.6486 0
2.2 1.6484 0
2.21 1.6483 0
2.22 1.6481 0
2.23 1.648 0
2.24 1.6478 0
2.25 1.6477 0
2.26 1.6475 0
2.27 1.6474 0
2.28 1.6472 0
2.29 1.6471 0
2.3 1.6469 0
2.31 1.6468 0
2.32 1.6466 0
2.33 1.6464 0
2.34 1.6463 0
2.35 1.6461 0
2.36 1.646 0
2.37 1.6458 0
2.38 1.6456 0
2.39 1.6455 0
2.4 1.6453 0
2.41 1.6451 0
2.42 1.645 0
2.43 1.6448 0
2.44 1.6446 0
2.45 1.6445 0
2.46 1.6443 0
2.47 1.6441 0
2.48 1.644 0
2.49 1.6438 0
2.5 1.6436 0
2.51 1.6434 0
2.52 1.6433 0
2.53 1.6431 0
2.54 1.6429 0
2.55 1.6427 0
2.56 1.6426 0
2.57 1.6424 0
2.58 1.6422 0
2.59 1.642 0
2.6 1.6419 0
2.61 1.6417 0
2.62 1.6415 0
2.63 1.6413 0
2.64 1.6411 0
2.65 1.6409 0
2.66 1.6408 0
2.67 1.6406 0
2.68 1.6404 0
2.69 1.6402 0
2.7 1.64 0
2.71 1.6398 0
2.72 1.6396 0
2.73 1.6394 0
2.74 1.6392 0
2.75 1.639 0
2.76 1.6389 0
2.77 1.6387 0
2.78 1.6385 0
2.79 1.6383 0
2.8 1.6381 0
2.81 1.6379 0
2.82 1.6377 0
2.83 1.6375 0
2.84 1.6373 0
2.85 1.6371 0
2.86 1.6369 0
2.87 1.6367 0
2.88 1.6365 0
2.89 1.6363 0
2.9 1.636 0
2.91 1.6358 0
2.92 1.6356 0
2.93 1.6354 0
2.94 1.6352 0
2.95 1.635 0
2.96 1.6348 0
2.97 1.6346 0
2.98 1.6344 0
2.99 1.6342 0
3 1.6339 0
3.01 1.6337 0
3.02 1.6335 0
3.03 1.6333 0
3.04 1.6331 0
3.05 1.6329 0
3.06 1.6326 0
3.07 1.6324 0
3.08 1.6322 0
3.09 1.632 0
3.1 1.6317 0
3.11 1.6315 0
3.12 1.6313 0
3.13 1.6311 0
3.14 1.6308 1.0091806e-07
3.15 1.6306 1.8264259e-07
3.16 1.6304 1.9425808e-07
3.17 1.6302 2.4439547e-07
3.18 1.6299 3.6578356e-07
3.19 1.6297 4.0381864e-07
3.2 1.6295 5.739059e-07
3.21 1.6292 7.1386181e-07
3.22 1.629 9.0222613e-07
3.23 1.6287 1.2164923e-06
3.24 1.6285 1.4948571e-06
3.25 1.6283 2.0057433e-06
3.26 1.628 2.6015147e-06
3.27 1.6278 3.3375417e-06
3.28 1.6276 4.4224782e-06
3.29 1.6273 5.6821818e-06
3.3 1.6271 7.4311534e-06
3.31 1.6268 9.497322e-06
3.32 1.6266 1.126354e-05
3.33 1.6263 1.2961873e-05
3.34 1.6261 1.4219586e-05
3.35 1.6258 1.4459039e-05
3.36 1.6256 1.3754878e-05
3.37 1.6253 1.2647993e-05
3.38 1.6251 1.1768765e-05
3.39 1.6248 1.1157308e-05
3.4 1.6246 1.062269e-05
3.41 1.6243 1.0430739e-05
3.42 1.6241 1.0476515e-05
3.43 1.6238 1.0687433e-05
3.44 1.6236 1.1239173e-05
3.45 1.6233 1.1718201e-05
3.46 1.6231 1.181558e-05
3.47 1.6228 1.1787493e-05
3.48 1.6225 1.1603226e-05
3.49 1.6223 1.1437893e-05
3.5 1.622 1.1605559e-05
3.51 1.6217 1.1903401e-05
3.52 1.6215 1.215675e-05
3.53 1.6212 1.2231163e-05
3.54 1.6209 1.1948342e-05
3.55 1.6207 1.1465455e-05
3.56 1.6204 1.0963502e-05
3.57 1.6201 1.0376678e-05
3.58 1.6199 9.8861803e-06
3.59 1.6196 9.5110806e-06
3.6 1.6193 9.0942495e-06
3.61 1.6191 8.804035e-06
3.62 1.6188 8.6431732e-06
3.63 1.6185 8.4729303e-06
3.64 1.6182 8.4310282e-06
3.65 1.6179 8.6602075e-06
3.66 1.6177 9.1225406e-06
3.67 1.6174 9.9688795e-06
3.68 1.6171 1.1180673e-05
3.69 1.6168 1.2478917e-05
3.7 1.6165 1.3813668e-05
3.71 1.6163 1.5152497e-05
3.72 1.616 1.6247733e-05
3.73 1.6157 1.718247e-05
3.74 1.6154 1.7952676e-05
3.75 1.6151 1.8525565e-05
3.76 1.6148 1.9014098e-05
3.77 1.6145 1.9378404e-05
3.78 1.6142 1.9324149e-05
3.79 1.6139 1.8861934e-05
3.8 1.6136 1.8371957e-05
3.81 1.6133 1.7942391e-05
3.82 1.613 1.7597573e-05
3.83 1.6127 1.7486877e-05
3.84 1.6124 1.7584401e-05
3.85 1.6121 1.7823596e-05
3.86 1.6118 1.8207196e-05
3.87 1.6115 1.8525429e-05
3.88 1.6112 1.8498991e-05
3.89 1.6109 1.8326832e-05
3.9 1.6106 1.7870622e-05
3.91 1.6103 1.68849e-05
3.92 1.61 1.5911097e-05
3.93 1.6097 1.5536664e-05
3.94 1.6094 1.5728728e-05
3.95 1.6091 1.6223511e-05
3.96 1.6088 1.6996107e-05
3.97 1.6085 1.8365365e-05
3.98 1.6081 2.0772109e-05
3.99 1.6078 2.4285135e-05
4 1.6075 2.6916523e-05
4.01 1.6072 2.5287876e-05
4.02 1.6069 2.0888603e-05
4.03 1.6065 1.7201574e-05
4.04 1.6062 1.4852771e-05
4.05 1.6059 1.3417612e-05
4.06 1.6056 1.267884e-05
4.07 1.6052 1.2293696e-05
4.08 1.6049 1.2013299e-05
4.09 1.6046 1.1883e-05
4.1 1.6043 1.1882428e-05
4.11 1.6039 1.1883381e-05
4.12 1.6036 1.1924502e-05
4.13 1.6033 1.2110409e-05
4.14 1.6029 1.2302491e-05
4.15 1.6026 1.2483883e-05
4.16 1.6022 1.2788044e-05
4.17 1.6019 1.3148606e-05
4.18 1.6016 1.3442511e-05
4.19 1.6012 1.3774147e-05
4.2 1.6009 1.418124e-05
4.21 1.6005 1.4559911e-05
4.22 1.6002 1.4924322e-05
4.23 1.5998 1.5376129e-05
4.24 1.5995 1.588389e-05
4.25 1.5992 1.6374104e-05
4.26 1.5988 1.694398e-05
4.27 1.5985 1.7611817e-05
4.28 1.5981 1.8266881e-05
4.29 1.5977 1.8938578e-05
4.3 1.5974 1.9696517e-05
4.31 1.597 2.0486403e-05
4.32 1.5967 2.1264674e-05
4.33 1.5963 2.2120679e-05
4.34 1.596 2.3086502e-05
4.35 1.5956 2.4063755e-05
4.36 1.5952 2.5053639e-05
4.37 1.5949 2.6063447e-05
4.38 1.5945 2.6961194e-05
4.39 1.5941 2.7651659e-05
4.4 1.5938 2.82358e-05
4.41 1.5934 2.8804613e-05
4.42 1.593 2.9359532e-05
4.43 1.5926 3.0003445e-05
4.44 1.5923 3.0789326e-05
4.45 1.5919 3.1610696e-05
4.46 1.5915 3.2509335e-05
4.47 1.5911 3.3627887e-05
4.48 1.5907 3.4889094e-05
4.49 1.5904 3.6212964e-05
4.5 1.59 3.7668456e-05
4.51 1.5896 3.9311306e-05
4.52 1.5892 4.11189e-05
4.53 1.5888 4.3054231e-05
4.54 1.5884 4.5191805e-05
4.55 1.588 4.7349061e-05
4.56 1.5877 4.9288587e-05
4.57 1.5873 5.1092148e-05
4.58 1.5869 5.2767364e-05
4.59 1.5865 5.4312173e-05
4.6 1.5861 5.5899023e-05
4.61 1.5857 5.7599888e-05
4.62 1.5853 5.9273532e-05
4.63 1.5849 6.0946601e-05
4.64 1.5845 6.2748237e-05
4.65 1.5841 6.4679696e-05
4.66 1.5836 6.6838214e-05
4.67 1.5832 6.9321797e-05
4.68 1.5828 7.2128568e-05
4.69 1.5824 7.5344672e-05
4.7 1.582 7.9244875e-05
4.71 1.5816 8.3873008e-05
4.72 1.5812 8.9340838e-05
4.73 1.5808 9.5898308e-05
4.74 1.5803 0.00010385234
4.75 1.5799 0.00011368227
4.76 1.5795 0.00012610351
4.77 1.5791 0.00014171903
4.78 1.5786 0.00016
4.79 1.5782 0.000185
4.8 1.5778 0.00025
4.81 1.5774 0.00033
4.82 1.5769 0.00043
4.83 1.5765 0.00055
4.84 1.5761 0.0007
4.85 1.5756 0.00085
4.86 1.5752 0.001
4.87 1.5747 0.00118
4.88 1.5743 0.00138
4.89 1.5738 0.0015454669
4.9 1.5734 0.0016418259
4.91 1.573 0.0017108513
4.92 1.5725 0.0017556389
4.93 1.5721 0.0017903027
4.94 1.5716 0.0018105041
4.95 1.5711 0.0018255158
4.96 1.5707 0.001826057
4.97 1.5702 0.0018048335
4.98 1.5698 0.0018009105
4.99 1.5693 0.0017976436
5 1.5688 0.0018025579
5.01 1.5684 0.0018040679
5.02 1.5679 0.0018251904
5.03 1.5674 0.0018199869
5.04 1.567 0.0018453228
5.05 1.5665 0.0018796299
5.06 1.566 0.0018997115
5.07 1.5656 0.0018955886
5.08 1.5651 0.001916402
5.09 1.5646 0.0019328253
5.1 1.5641 0.0019078958
5.11 1.5636 0.0019083314
5.12 1.5631 0.0019291468
5.13 1.5627 0.0019449437
5.14 1.5622 0.0019657582
5.15 1.5617 0.0019976808
5.16 1.5612 0.0020403298
5.17 1.5607 0.0020819061
5.18 1.5602 0.0021362832
5.19 1.5597 0.0021816473
5.2 1.5592 0.0022410201
5.21 1.5587 0.0022960659
5.22 1.5582 0.0023115669
5.23 1.5577 0.0023474966
5.24 1.5572 0.0023426238
5.25 1.5567 0.0024065956
5.26 1.5561 0.0023582545
5.27 1.5556 0.0023669531
5.28 1.5551 0.002364136
5.29 1.5546 0.0024627104
5.3 1.5541 0.0024602856
5.31 1.5536 0.002439303
5.32 1.553 0.0025670643
5.33 1.5525 0.0027228895
5.34 1.552 0.0027681144
5.35 1.5514 0.0028210965
5.36 1.5509 0.0029240646
5.37 1.5504 0.0030243309
5.38 1.5498 0.0030782404
5.39 1.5493 0.0029719495
5.4 1.5488 0.002947663
5.41 1.5482 0.0029348635
5.42 1.5477 0.0027672532
5.43 1.5471 0.0027553694
5.44 1.5466 0.0027488089
5.45 1.546 0.0026225645
5.46 1.5455 0.0026186833
5.47 1.5449 0.0026567862
5.48 1.5443 0.0026663665
5.49 1.5438 0.0026455605
5.5 1.5432 0.0027685972
5.51 1.5426 0.0027775932
5.52 1.5421 0.0028288655
5.53 1.5415 0.0028764451
5.54 1.5409 0.0028495718
5.55 1.5404 0.0028883035
5.56 1.5398 0.0029068902
5.57 1.5392 0.0029277143
5.58 1.5386 0.0029077058
5.59 1.538 0.0029058432
5.6 1.5374 0.0028425847
5.61 1.5368 0.0028233698
5.62 1.5363 0.0028537948
5.63 1.5357 0.0028332435
5.64 1.5351 0.0027957219
5.65 1.5345 0.0027687614
5.66 1.5339 0.0027403391
5.67 1.5333 0.0027261658
5.68 1.5326 0.0026909169
5.69 1.532 0.0027338346
5.7 1.5314 0.002701011
5.71 1.5308 0.0026838983
5.72 1.5302 0.0026701946
5.73 1.5296 0.0026620668
5.74 1.5289 0.0026385642
5.75 1.5283 0.002637108
5.76 1.5277 0.0025913603
5.77 1.5271 0.0025750427
5.78 1.5264 0.0025317452
5.79 1.5258 0.002500528
5.8 1.5252 0.0024616271
5.81 1.5245 0.0024436828
5.82 1.5239 0.0024001783
5.83 1.5232 0.0022509031
5.84 1.5226 0.0022036297
5.85 1.5219 0.0021790865
5.86 1.5213 0.0021920616
5.87 1.5206 0.0022091282
5.88 1.5199 0.0022072361
5.89 1.5193 0.0022103017
5.9 1.5186 0.0023382246
5.91 1.5179 0.0024295873
5.92 1.5173 0.0025594775
5.93 1.5166 0.0026786164
5.94 1.5159 0.0028223024
5.95 1.5152 0.002890766
5.96 1.5145 0.0029133237
5.97 1.5139 0.002934418
5.98 1.5132 0.0028913596
5.99 1.5125 0.0028167292
6 1.5118 0.0026977585
6.01 1.5111 0.0025115987
6.02 1.5104 0.002339742
6.03 1.5097 0.0021161689
6.04 1.509 0.0019842752
6.05 1.5082 0.001843191
6.06 1.5075 0.0017414753
6.07 1.5068 0.0016662524
6.08 1.5061 0.0016120854
6.09 1.5054 0.0015747085
6.1 1.5046 0.0015517076
6.11 1.5039 0.0015400468
6.12 1.5032 0.0015336844
6.13 1.5024 0.0015399918
6.14 1.5017 0.0015490723
6.15 1.5009 0.0015660498
6.16 1.5002 0.0015839284
6.17 1.4994 0.0016082162
6.18 1.4987 0.001638425
6.19 1.4979 0.0016753702
6.2 1.4971 0.001718975
6.21 1.4964 0.0017630267
6.22 1.4956 0.0018046005
6.23 1.4948 0.0018454197
6.24 1.4941 0.00188131
6.25 1.4933 0.0019153938
6.26 1.4925 0.0019519082
6.27 1.4917 0.0019607955
6.28 1.4909 0.0019377172
6.29 1.4901 0.0019283643
6.3 1.4893 0.0019484212
6.31 1.4885 0.0019290291
6.32 1.4877 0.0019095924
6.33 1.4869 0.0018747781
6.34 1.4861 0.0018332706
6.35 1.4853 0.0018101138
6.36 1.4844 0.0018066767
6.37 1.4836 0.0017973386
6.38 1.4828 0.0017425215
6.39 1.4819 0.0017236798
6.4 1.4811 0.0017042033
6.41 1.4803 0.0016927773
6.42 1.4794 0.0016797474
6.43 1.4786 0.0016641567
6.44 1.4777 0.0016503299
6.45 1.4769 0.0016359222
6.46 1.476 0.0016215585
6.47 1.4751 0.0016128394
6.48 1.4742 0.0016103215
6.49 1.4734 0.0016077565
6.5 1.4725 0.0016048871
6.51 1.4716 0.0016031968
6.52 1.4707 0.0016037467
6.53 1.4698 0.0016069495
6.54 1.4689 0.0016116731
6.55 1.468 0.0016155615
6.56 1.4671 0.0016158907
6.57 1.4662 0.0016156221
6.58 1.4653 0.001621516
6.59 1.4644 0.0016327458
6.6 1.4634 0.0016444278
6.61 1.4625 0.0016534751
6.62 1.4616 0.0016621381
6.63 1.4606 0.001676547
6.64 1.4597 0.00169706
6.65 1.4587 0.0017171063
6.66 1.4578 0.0017409382
6.67 1.4568 0.0017611794
6.68 1.4558 0.0017838522
6.69 1.4549 0.0018094304
6.7 1.4539 0.0018374778
6.71 1.4529 0.0018676472
6.72 1.4519 0.0019051167
6.73 1.4509 0.0019439422
6.74 1.4499 0.0019859049
6.75 1.4489 0.0020208952
6.76 1.4479 0.0020575382
6.77 1.4469 0.0020942035
6.78 1.4459 0.0021273963
6.79 1.4449 0.0021671528
6.8 1.4438 0.0021994666
6.81 1.4428 0.0022132312
6.82 1.4418 0.0022089959
6.83 1.4407 0.0022620218
6.84 1.4397 0.0023145794
6.85 1.4386 0.0023185048
6.86 1.4375 0.0023225358
6.87 1.4365 0.0023349148
6.88 1.4354 0.0023455836
6.89 1.4343 0.0023473426
6.9 1.4332 0.0023520502
6.91 1.4321 0.0023658549
6.92 1.431 0.0023798791
6.93 1.4299 0.0023938833
6.94 1.4288 0.0024081048
6.95 1.4277 0.002422398
6.96 1.4266 0.0024370192
6.97 1.4254 0.0024517028
6.98 1.4243 0.0024664239
6.99 1.4231 0.0024814438
7 1.422 0.00249654
7.01 1.4208 0.0025117983
7.02 1.4197 0.0025272309
7.03 1.4185 0.0025428704
7.04 1.4173 0.0025585514
7.05 1.4161 0.002574519
7.06 1.4149 0.0025906228
7.07 1.4137 0.0026069647
7.08 1.4125 0.0026233297
7.09 1.4113 0.0026399302
7.1 1.4101 0.0026567529
7.11 1.4089 0.0026737002
7.12 1.4076 0.0026908955
7.13 1.4064 0.0027081605
7.14 1.4051 0.0027256754
7.15 1.4039 0.0027433697
7.16 1.4026 0.002761414
7.17 1.4013 0.0027793986
7.18 1.4 0.0027977371
7.19 1.3987 0.0028162649
7.2 1.3974 0.0028350715
7.21 1.3961 0.0028539926
7.22 1.3948 0.0028731032
7.23 1.3935 0.0028924232
7.24 1.3921 0.0029120738
7.25 1.3908 0.002931907
7.26 1.3895 0.0029518251
7.27 1.3881 0.0029722103
7.28 1.3867 0.0029926533
7.29 1.3853 0.0030134258
7.3 1.384 0.0030341937
7.31 1.3826 0.0030555947
7.32 1.3812 0.0030770653
7.33 1.3797 0.0030986187
7.34 1.3783 0.003120623
7.35 1.3769 0.0031428809
7.36 1.3754 0.0031652287
7.37 1.374 0.0031880407
7.38 1.3725 0.0032109674
7.39 1.3711 0.0032343599
7.4 1.3696 0.0032580245
7.41 1.3681 0.0032818159
7.42 1.3666 0.0033059414
7.43 1.3651 0.0033304536
7.44 1.3635 0.0033550548
7.45 1.362 0.0033800982
7.46 1.3605 0.0034055733
7.47 1.3589 0.0034311949
7.48 1.3573 0.0034572546
7.49 1.3558 0.0034836108
7.5 1.3542 0.0035101043
7.51 1.3526 0.0035372331
7.52 1.351 0.0035644765
7.53 1.3493 0.0035922452
7.54 1.3477 0.0036201551
7.55 1.346 0.0036485124
7.56 1.3444 0.003677324
7.57 1.3427 0.0037064897
7.58 1.341 0.003735936
7.59 1.3393 0.0037658261
7.6 1.3376 0.0037960959
7.61 1.3359 0.0038266587
7.62 1.3342 0.0038578703
7.63 1.3324 0.0038894135
7.64 1.3306 0.0039213759
7.65 1.3289 0.0039537112
7.66 1.3271 0.0039866118
7.67 1.3253 0.0040198048
7.68 1.3235 0.0040535145
7.69 1.3216 0.004087665
7.7 1.3198 0.00412236
7.71 1.3179 0.0041573697
7.72 1.316 0.0041930997
7.73 1.3141 0.0042290457
7.74 1.3122 0.0042659284
7.75 1.3103 0.0043030482
7.76 1.3084 0.0043404281
7.77 1.3064 0.0043788149
7.78 1.3045 0.0044175804
7.79 1.3025 0.004456728
7.8 1.3005 0.0044967923
7.81 1.2984 0.0045371849
7.82 1.2964 0.0045782959
7.83 1.2944 0.0046197616
7.84 1.2923 0.0046622814
7.85 1.2902 0.0047050295
7.86 1.2881 0.004748731
7.87 1.286 0.0047929542
7.88 1.2838 0.0048378397
7.89 1.2817 0.0048833005
7.9 1.2795 0.0049296579
7.91 1.2773 0.0049766443
7.92 1.2751 0.0050242285
7.93 1.2728 0.005072881
7.94 1.2706 0.0051220719
7.95 1.2683 0.0051721729
7.96 1.266 0.0052228395
7.97 1.2636 0.0052745169
7.98 1.2613 0.0053270772
7.99 1.2589 0.0053801819
8 1.2565 0.0054342225
8.01 1.2541 0.0054894408
8.02 1.2517 0.005545504
8.03 1.2492 0.0056022046
8.04 1.2468 0.0056598582
8.05 1.2443 0.0057188221
8.06 1.2417 0.005778624
8.07 1.2392 0.005839506
8.08 1.2366 0.0059013156
8.09 1.234 0.0059641593
8.1 1.2314 0.0060280692
8.11 1.2287 0.0060931761
8.12 1.226 0.0061593218
8.13 1.2233 0.006226717
8.14 1.2206 0.0062955802
8.15 1.2178 0.0063649717
8.16 1.215 0.0064363714
8.17 1.2122 0.0065090929
8.18 1.2093 0.0065826832
8.19 1.2064 0.0066576656
8.2 1.2035 0.0067344347
8.21 1.2006 0.0068118383
8.22 1.1976 0.0068914585
8.23 1.1946 0.0069718754
8.24 1.1915 0.0070549956
8.25 1.1884 0.0071389125
8.26 1.1853 0.0072245019
8.27 1.1822 0.0073115585
8.28 1.179 0.0074009598
8.29 1.1758 0.0074913142
8.3 1.1725 0.007583737
8.31 1.1692 0.0076783967
8.32 1.1659 0.007774515
8.33 1.1625 0.0078733545
8.34 1.1591 0.007973317
8.35 1.1556 0.0080764494
8.36 1.1521 0.0081806648
8.37 1.1486 0.0082874863
8.38 1.145 0.0083968312
8.39 1.1414 0.0085075049
8.4 1.1377 0.0086216734
8.41 1.134 0.0087383796
8.42 1.1302 0.0088571065
8.43 1.1264 0.0089785745
8.44 1.1225 0.0091031418
8.45 1.1186 0.0092301457
8.46 1.1146 0.0093603134
8.47 1.1106 0.0094928244
8.48 1.1065 0.0096285467
8.49 1.1024 0.0097677365
8.5 1.0982 0.0099107578
8.51 1.094 0.010057252
8.52 1.0897 0.010206519
8.53 1.0853 0.010360111
8.54 1.0809 0.010516561
8.55 1.0764 0.010677698
8.56 1.0718 0.010843369
8.57 1.0672 0.011010883
8.58 1.0625 0.011185368
8.59 1.0577 0.011362631
8.6 1.0529 0.011544615
8.61 1.048 0.011732602
8.62 1.043 0.01192581
8.63 1.0379 0.012123832
8.64 1.0328 0.01232721
8.65 1.0276 0.012536179
8.66 1.0222 0.012750791
8.67 1.0168 0.012972275
8.68 1.0113 0.013198317
8.69 1.0058 0.01343332
8.7 1.0001 0.013674243
8.71 0.99431 0.013922288
8.72 0.98843 0.014178515
8.73 0.98245 0.014442904
8.74 0.97637 0.014713222
8.75 0.97017 0.014995386
8.76 0.96385 0.01528507
8.77 0.95743 0.015584624
8.78 0.95087 0.015894061
8.79 0.9442 0.016213686
8.8 0.93739 0.016543092
8.81 0.93045 0.016884211
8.82 0.92337 0.017240692
8.83 0.91614 0.017607216
8.84 0.90877 0.017987821
8.85 0.90124 0.018379059
8.86 0.89355 0.018791866
8.87 0.88569 0.019218285
8.88 0.87766 0.019658781
8.89 0.86944 0.02011794
8.9 0.86104 0.020598407
8.91 0.85244 0.02109609
8.92 0.84364 0.021617621
8.93 0.83463 0.022159224
8.94 0.82539 0.022729488
8.95 0.81591 0.023322866
8.96 0.80619 0.0239428
8.97 0.79622 0.024597026
8.98 0.78597 0.025281446
8.99 0.77544 0.026002478
9 0.76461 0.02675702
9.01 0.75347 0.027556715
9.02 0.74199 0.028400579
9.03 0.73016 0.029291701
9.04 0.71795 0.030234419
9.05 0.70535 0.031231742
9.06 0.69232 0.032301609
9.07 0.67884 0.033443382
9.08 0.66487 0.034655646
9.09 0.65038 0.035960384
9.1 0.63533 0.037359962
9.11 0.61966 0.038878056
9.12 0.60334 0.040522445
9.13 0.58629 0.042311405
9.14 0.56844 0.044248832
9.15 0.54972 0.046407954
9.16 0.53002 0.048787475
9.17 0.50923 0.051437609
9.18 0.4872 0.054411819
9.19 0.46377 0.057749628
9.2 0.43869 0.061612325
9.21 0.41171 0.066117734
9.22 0.38243 0.071438091
9.23 0.35037 0.077837394
9.24 0.31488 0.085709102
9.25 0.2751 0.095557139
9.26 0.23029 0.10861058
9.27 0.18154 0.12681196
9.28 0.13692 0.16334011
9.29 0.10673 0.21410763
9.3 0.089017 0.26427265
9.31 0.078145 0.30990362
9.32 0.07094 0.35144331
9.33 0.065864 0.38966898
9.34 0.062128 0.42554683
9.35 0.059293 0.45954515
9.36 0.057096 0.4918201
9.37 0.05537 0.52270344
9.38 0.054002 0.552576
9.39 0.052915 0.58158867
9.4 0.052054 0.6098402
9.41 0.051377 0.63743868
9.42 0.050854 0.66432336
9.43 0.050461 0.69080456
9.44 0.050179 0.71694429
9.45 0.049995 0.74280763
9.46 0.049896 0.76843996
9.47 0.049873 0.79362274
9.48 0.049919 0.81863383
9.49 0.050027 0.84355226
9.5 0.050193 0.86840469
9.51 0.050412 0.89322257
9.52 0.050682 0.91788962
9.53 0.051 0.94245577
9.54 0.051363 0.96706985
9.55 0.051771 0.99175821
9.56 0.052223 1.0165499
9.57 0.052717 1.0412432
9.58 0.053255 1.066197
9.59 0.053835 1.0912224
9.6 0.054458 1.1163653
9.61 0.055125 1.1416032
9.62 0.055837 1.1670988
9.63 0.056596 1.1928267
9.64 0.057402 1.2186573
9.65 0.058257 1.2447911
9.66 0.059164 1.2713507
9.67 0.060125 1.2979597
9.68 0.061143 1.3250916
9.69 0.06222 1.3524299
9.7 0.06336 1.3802261
9.71 0.064567 1.4084343
9.72 0.065844 1.4369006
9.73 0.067198 1.4660775
9.74 0.068631 1.4955242
9.75 0.070152 1.5255984
9.76 0.071765 1.5562663
9.77 0.073479 1.5874522
9.78 0.0753 1.6192685
9.79 0.077239 1.6518481
9.8 0.079305 1.6850174
9.81 0.081509 1.7190273
9.82 0.083863 1.7537086
9.83 0.08638 1.789368
9.84 0.089075 1.8258849
9.85 0.091964 1.8633597
9.86 0.095064 1.9019768
9.87 0.098395 1.9415139
9.88 0.10198 1.9825749
9.89 0.10584 2.0246059
9.9 0.11 2.0681861
9.91 0.1145 2.1132479
9.92 0.11937 2.1600484
9.93 0.12465 2.2082512
9.94 0.13039 2.2583579
9.95 0.13663 2.3111094
9.96 0.14344 2.3651852
9.97 0.1509 2.4222961
9.98 0.15909 2.4821684
9.99 0.16812 2.5445691
10 0.1781 2.6101697
10.01 0.18914 2.6794703
10.02 0.20154 2.7527709
10.03 0.21548 2.8306716
10.04 0.23124 2.9135722
10.05 0.24918 3.0021729
10.06 0.26974 3.0973735
10.07 0.2935 3.1998742
10.081 0.3212 3.3108749
10.091 0.35381 3.4315756
10.101 0.39265 3.5637762
10.111 0.43948 3.7091769
10.121 0.49679 3.8703776
10.132 0.56809 4.0502783
10.142 0.65851 4.252579
10.152 0.77574 4.4815797
10.163 0.93168 4.7422805
10.173 1.1452 5.0392812
10.183 1.447 5.3735819
10.194 1.8867 5.7338827
10.204 2.5384 6.0704834
10.215 3.4754 6.2402842
10.225 4.632 5.9662849
10.235 5.6035 5.0711856
10.246 5.97 3.8841864
10.256 5.8201 2.8703872
10.267 5.4465 2.158388
10.277 5.022 1.6861888
10.288 4.6085 1.3750896
10.299 4.2196 1.1711904
10.309 3.8513 1.0433912
10.32 3.4934 0.97627204
10.331 3.133 0.96732289
10.341 2.7564 1.0288937
10.352 2.3559 1.1966945
10.363 1.96 1.5367954
10.373 1.6781 2.0909962
10.384 1.6194 2.8015971
10.395 1.8361 3.618598
10.406 2.4736 4.5206989
10.417 3.8929 5.2272998
10.428 5.9091 4.5777007
10.438 6.5548 2.7536015
10.449 6.13 1.5762024
10.46 5.613 0.99793336
10.471 5.1933 0.69452429
10.482 4.8654 0.51818523
10.493 4.605 0.40648617
10.504 4.3932 0.33080712
10.515 4.2168 0.27673808
10.526 4.067 0.23646904
10.537 3.9376 0.20545001
10.549 3.8243 0.18088108
10.56 3.7239 0.16098206
10.571 3.6339 0.14454305
10.582 3.5527 0.13077405
10.593 3.4789 0.11906505
10.604 3.4112 0.10900606
10.616 3.3489 0.10027717
10.627 3.2913 0.092655192
10.638 3.2378 0.085944222
10.65 3.1878 0.080002353
10.661 3.1411 0.074717397
10.672 3.0971 0.069995447
10.684 3.0558 0.065760601
10.695 3.0167 0.061949666
10.707 2.9797 0.058509835
10.718 2.9447 0.055394914
10.73 2.9113 0.052567099
10.741 2.8796 0.049992192
10.753 2.8493 0.047641392
10.764 2.8204 0.0454885
10.776 2.7927 0.043512717
10.787 2.7662 0.041692839
10.799 2.7408 0.040012071
10.811 2.7164 0.038456312
10.823 2.6929 0.037012561
10.834 2.6703 0.035667713
10.846 2.6485 0.034413979
10.858 2.6274 0.033241252
10.87 2.6071 0.032142535
10.881 2.5875 0.031111718
10.893 2.5685 0.030142016
10.905 2.5502 0.029229324
10.917 2.5324 0.02836764
10.929 2.5151 0.027553964
10.941 2.4984 0.026784298
10.953 2.4821 0.02605664
10.965 2.4664 0.025365991
10.977 2.451 0.024710351
10.989 2.4361 0.024088719
11.001 2.4216 0.023497097
11.013 2.4074 0.022934483
11.025 2.3936 0.022397879
11.038 2.3802 0.0218874
11.05 2.3671 0.021399815
11.062 2.3543 0.020934238
11.074 2.3418 0.02048967
11.086 2.3296 0.020065111
11.099 2.3176 0.019659683
11.111 2.306 0.019271143
11.123 2.2946 0.018898613
11.136 2.2834 0.018543215
11.148 2.2725 0.018201704
11.161 2.2618 0.017875328
11.173 2.2513 0.017562836
11.186 2.241 0.01726348
11.198 2.2309 0.016976008
11.211 2.221 0.016701674
11.223 2.2112 0.016439221
11.236 2.2017 0.016187909
11.249 2.1923 0.015947607
11.261 2.1831 0.015718185
11.274 2.174 0.015498904
11.287 2.1651 0.015289636
11.299 2.1563 0.015091244
11.312 2.1477 0.014901997
11.325 2.1392 0.014723761
11.338 2.1308 0.014554537
11.351 2.1226 0.014395325
11.364 2.1144 0.014245124
11.377 2.1064 0.014105934
11.39 2.0984 0.013976756
11.403 2.0906 0.01385759
11.416 2.0829 0.013749435
11.429 2.0752 0.013651292
11.442 2.0676 0.013565161
11.455 2.0601 0.013492042
11.468 2.0527 0.013430935
11.481 2.0453 0.013382839
11.494 2.038 0.013350755
11.507 2.0308 0.013334683
11.521 2.0236 0.013336773
11.534 2.0164 0.013357726
11.547 2.0092 0.013401692
11.561 2.0021 0.013470821
11.574 1.995 0.013567812
11.587 1.9879 0.013698814
11.601 1.9808 0.013867985
11.614 1.9736 0.014084012
11.628 1.9664 0.01435321
11.641 1.9592 0.014689264
11.655 1.9518 0.015105489
11.669 1.9443 0.015620728
11.682 1.9367 0.016260821
11.696 1.9289 0.017059088
11.71 1.9209 0.01806437
11.723 1.9125 0.019339502
11.737 1.9038 0.020979813
11.751 1.8946 0.023120137
11.765 1.8849 0.025965477
11.779 1.8744 0.029829831
11.792 1.863 0.03521303
11.806 1.8508 0.042924413
11.82 1.8377 0.05429981
11.834 1.8249 0.071497223
11.848 1.8154 0.09753965
11.862 1.8174 0.13432109
11.876 1.8616 0.14527355
11.891 1.8949 0.1420762
11.905 1.9483 0.16480869
11.919 1.9682 0.12412119
11.933 1.9664 0.089895711
11.947 1.956 0.066309245
11.962 1.9434 0.050730977
11.976 1.931 0.040321543
11.99 1.9195 0.033169124
12.005 1.9091 0.028098907
12.019 1.8995 0.024398521
12.034 1.8907 0.021624338
12.048 1.8825 0.019495983
12.063 1.8748 0.017828835
12.077 1.8676 0.016500512
12.092 1.8608 0.015423399
12.107 1.8542 0.014539303
12.121 1.8479 0.01380403
12.136 1.8419 0.01318597
12.151 1.836 0.012660927
12.165 1.8303 0.012210704
12.18 1.8248 0.011822697
12.195 1.8194 0.011485708
12.21 1.8141 0.011189737
12.225 1.8089 0.010930785
12.24 1.8038 0.010700852
12.255 1.7988 0.010496936
12.27 1.7939 0.01031494
12.285 1.789 0.010152262
12.3 1.7842 0.010006202
12.315 1.7795 0.0098748614
12.33 1.7748 0.0097564393
12.346 1.7702 0.0096496498
12.361 1.7656 0.0095527666
12.376 1.7611 0.0094652022
12.392 1.7566 0.0093860743
12.407 1.7521 0.009314149
12.422 1.7477 0.0092490428
12.438 1.7433 0.009190377
12.453 1.7389 0.0091371101
12.469 1.7345 0.0090893864
12.484 1.7302 0.0090462591
12.5 1.7259 0.0090079777
12.516 1.7216 0.0089737182
12.531 1.7174 0.0089432511
12.547 1.7131 0.0089167342
12.563 1.7089 0.0088936394
12.579 1.7047 0.0088738666
12.594 1.7005 0.0088568809
12.61 1.6964 0.0088432511
12.626 1.6922 0.0088323435
12.642 1.688 0.0088241581
12.658 1.6839 0.0088185951
12.674 1.6798 0.0088154544
12.69 1.6757 0.0088148361
12.706 1.6715 0.0088165403
12.723 1.6674 0.0088207132
12.739 1.6633 0.0088268638
12.755 1.6592 0.0088352371
12.771 1.6551 0.0088456329
12.788 1.651 0.0088584034
12.804 1.647 0.008872946
12.821 1.6429 0.0088896663
12.837 1.6388 0.008908156
12.853 1.6347 0.0089285685
12.87 1.6306 0.0089511631
12.887 1.6265 0.0089756836
12.903 1.6224 0.0090017678
12.92 1.6183 0.0090300387
12.937 1.6142 0.0090602356
12.953 1.6101 0.0090919917
12.97 1.606 0.0091258393
12.987 1.6019 0.009161613
13.004 1.5978 0.0091992129
13.021 1.5936 0.009238739
13.038 1.5895 0.0092800914
13.055 1.5854 0.0093233701
13.072 1.5812 0.0093685753
13.089 1.577 0.0094157068
13.106 1.5729 0.0094647647
13.123 1.5687 0.0095157492
13.141 1.5645 0.009569044
13.158 1.5603 0.0096240831
13.175 1.556 0.0096811488
13.193 1.5518 0.0097405298
13.21 1.5475 0.0098017504
13.228 1.5433 0.0098653895
13.245 1.539 0.0099308652
13.263 1.5347 0.0099987627
13.28 1.5303 0.010068694
13.298 1.526 0.01014115
13.316 1.5216 0.010215936
13.333 1.5172 0.01029285
13.351 1.5128 0.010372495
13.369 1.5084 0.010454471
13.387 1.5039 0.010539076
13.405 1.4994 0.010626312
13.423 1.4949 0.010716178
13.441 1.4904 0.010808775
13.459 1.4858 0.010904402
13.477 1.4812 0.011002059
13.495 1.4766 0.011102747
13.514 1.472 0.011207784
13.532 1.4673 0.011314535
13.55 1.4626 0.011425316
13.569 1.4578 0.011538452
13.587 1.453 0.011656296
13.605 1.4482 0.011776171
13.624 1.4434 0.011900406
13.643 1.4385 0.012028675
13.661 1.4335 0.012159645
13.68 1.4285 0.012294981
13.699 1.4235 0.012435351
13.717 1.4185 0.012578417
13.736 1.4134 0.012726854
13.755 1.4082 0.012879325
13.774 1.403 0.013035831
13.793 1.3978 0.013197371
13.812 1.3925 0.013364945
13.831 1.3871 0.013536554
13.85 1.3817 0.013713197
13.87 1.3762 0.013896228
13.889 1.3707 0.014084942
13.908 1.3651 0.014278691
13.928 1.3595 0.014479832
13.947 1.3538 0.014686651
13.966 1.348 0.014899506
13.986 1.3422 0.015120758
14.006 1.3362 0.015348048
14.025 1.3303 0.01558301
14.045 1.3242 0.015826375
14.065 1.3181 0.016077779
14.085 1.3118 0.016337221
14.104 1.3055 0.016605327
14.124 1.2992 0.016883843
14.144 1.2927 0.017171399
14.164 1.2861 0.017468992
14.184 1.2794 0.017777624
14.205 1.2727 0.018098679
14.225 1.2658 0.01842939
14.245 1.2589 0.018774139
14.265 1.2518 0.019130926
14.286 1.2446 0.019501144
14.306 1.2373 0.01988601
14.327 1.2298 0.02028731
14.347 1.2223 0.020703254
14.368 1.2146 0.021135637
14.388 1.2067 0.02158666
14.409 1.1987 0.022056125
14.43 1.1906 0.022546633
14.451 1.1823 0.023057182
14.472 1.1739 0.023590774
14.493 1.1653 0.024147408
14.514 1.1565 0.024730084
14.535 1.1475 0.025338802
14.556 1.1383 0.025976562
14.577 1.1289 0.026645364
14.599 1.1193 0.02734763
14.62 1.1095 0.028084518
14.641 1.0995 0.028858448
14.663 1.0892 0.029673848
14.684 1.0786 0.030531864
14.706 1.0678 0.031437353
14.728 1.0567 0.032393889
14.749 1.0453 0.033404034
14.771 1.0335 0.034474659
14.793 1.0215 0.035609329
14.815 1.009 0.036815045
14.837 0.99623 0.038096807
14.859 0.98302 0.039463615
14.881 0.96938 0.040922467
14.903 0.95528 0.042483366
14.925 0.94069 0.044156309
14.948 0.92558 0.045955753
14.97 0.9099 0.047893789
14.993 0.89363 0.04998933
15.015 0.8767 0.052260458
15.038 0.85906 0.054732095
15.06 0.84066 0.057431315
15.083 0.82143 0.060395048
15.106 0.8013 0.063665829
15.129 0.78017 0.06729766
15.152 0.75796 0.071356539
15.175 0.73454 0.075931467
15.198 0.7098 0.081133443
15.221 0.68358 0.087105468
15.244 0.65573 0.094038541
15.267 0.62605 0.10218966
15.291 0.59433 0.11189132
15.314 0.56037 0.12361254
15.337 0.52396 0.13802381
15.361 0.48502 0.15601561
15.385 0.44373 0.17885748
15.408 0.40089 0.20808889
15.432 0.3584 0.24521085
15.456 0.3193 0.29055287
15.48 0.28662 0.34236493
15.504 0.26159 0.39748705
15.528 0.24346 0.45319921
15.552 0.23077 0.50803143
15.576 0.22211 0.5614737
15.601 0.21643 0.61350653
15.625 0.21301 0.66428891
15.649 0.21133 0.71407133
15.674 0.21106 0.76310432
15.699 0.21197 0.81164737
15.723 0.21391 0.85991995
15.748 0.21679 0.9081431
15.773 0.22055 0.95651631
15.798 0.22518 1.0052596
15.823 0.23069 1.0545729
15.848 0.23713 1.1045863
15.873 0.24457 1.1554997
15.898 0.25309 1.2076131
15.924 0.26282 1.2610272
15.949 0.27391 1.3160408
15.974 0.28655 1.3729544
16 0.30099 1.4318687
16.026 0.31749 1.4930829
16.051 0.33644 1.5570967
16.077 0.35826 1.6240111
16.103 0.3835 1.6944256
16.129 0.41288 1.7686401
16.155 0.44726 1.8470547
16.181 0.48778 1.9302693
16.207 0.53589 2.018584
16.234 0.59348 2.1125992
16.26 0.66305 2.212314
16.287 0.74784 2.3177294
16.313 0.8521 2.4279443
16.34 0.9813 2.5410598
16.367 1.1422 2.6524754
16.393 1.3422 2.7538905
16.42 1.5879 2.8310062
16.447 1.8801 2.8616219
16.474 2.2063 2.8179377
16.502 2.5342 2.6773541
16.529 2.8157 2.43977
16.556 3.0096 2.137286
16.584 3.1041 1.8182026
16.611 3.1154 1.5222187
16.639 3.0707 1.2684354
16.667 2.9946 1.0600522
16.694 2.9039 0.89194843
16.722 2.8086 0.75706532
16.75 2.7144 0.64845227
16.779 2.624 0.56037988
16.807 2.5386 0.48832694
16.835 2.4584 0.42887406
16.863 2.3835 0.37939123
16.892 2.3135 0.33788907
16.92 2.2479 0.30285635
16.949 2.1864 0.27312431
16.978 2.1286 0.24777232
17.007 2.074 0.22610038
17.036 2.0224 0.2075085
17.065 1.9734 0.19154668
17.094 1.9267 0.17782491
17.123 1.8821 0.1660132
17.153 1.8394 0.15585217
17.182 1.7983 0.14711056
17.212 1.7586 0.13958965
17.241 1.7203 0.13310815
17.271 1.6832 0.12753734
17.301 1.647 0.12274659
17.331 1.6117 0.1186359
17.361 1.5772 0.11510525
17.391 1.5433 0.11210466
17.422 1.51 0.10956478
17.452 1.477 0.10743429
17.483 1.4445 0.10569452
17.513 1.4121 0.10431414
17.544 1.38 0.10326446
17.575 1.3478 0.10255085
17.606 1.3157 0.10216128
17.637 1.2834 0.10209877
17.668 1.2509 0.1023733
17.699 1.2181 0.10299689
17.73 1.1849 0.10399753
17.762 1.1511 0.10539889
17.794 1.1168 0.1072503
17.825 1.0816 0.10959108
17.857 1.0456 0.11248259
17.889 1.0085 0.11601415
17.921 0.97025 0.12029576
17.953 0.93057 0.12543741
17.986 0.88927 0.1316398
18.018 0.84609 0.13912155
18.051 0.80074 0.14819403
18.083 0.75291 0.15930588
18.116 0.70223 0.17307845
18.149 0.64837 0.19041107
18.182 0.59113 0.21263374
18.215 0.53075 0.24166646
18.248 0.46859 0.27994922
18.282 0.40795 0.32960271
18.315 0.35387 0.39032556
18.349 0.31034 0.45823914
18.382 0.27772 0.52831207
18.416 0.25398 0.59727574
18.45 0.23671 0.66380945
18.484 0.22408 0.7276932
18.519 0.21482 0.78914769
18.553 0.20808 0.84852152
18.587 0.20328 0.90620539
18.622 0.20004 0.96253001
18.657 0.1981 1.0178647
18.692 0.19729 1.0723893
18.727 0.19747 1.1264141
18.762 0.19858 1.1802388
18.797 0.20057 1.2340636
18.832 0.20343 1.2880885
18.868 0.20716 1.342414
18.904 0.2118 1.3974396
18.939 0.21739 1.4532646
18.975 0.22402 1.5101902
19.011 0.23177 1.568316
19.048 0.24078 1.6280424
19.084 0.25121 1.6894682
19.12 0.26324 1.753094
19.157 0.27713 1.8190205
19.194 0.29319 1.887847
19.231 0.31179 1.9597736
19.268 0.33343 2.0354002
19.305 0.3587 2.1151269
19.342 0.3884 2.1996535
19.38 0.42354 2.2895809
19.417 0.46545 2.3857076
19.455 0.51589 2.4888351
19.493 0.5772 2.5996625
19.531 0.65258 2.71909
19.569 0.7464 2.8474175
19.608 0.86466 2.9844457
19.646 1.0155 3.1283733
19.685 1.2099 3.2739015
19.724 1.4611 3.4097298
19.763 1.782 3.5131581
19.802 2.1766 3.5456864
19.841 2.6216 3.4565147
19.881 3.0511 3.2084437
19.92 3.3756 2.820472
19.96 3.5415 2.3716011
20 3.5622 1.9456301
20.04 3.4868 1.5867592
20.08 3.3616 1.3018882
20.121 3.2169 1.080918
20.161 3.0691 0.91000703
20.202 2.9259 0.77686679
20.243 2.7905 0.67199656
20.284 2.6636 0.58834631
20.325 2.5451 0.52080606
20.367 2.4343 0.46567653
20.408 2.3303 0.42022626
20.45 2.2322 0.3824667
20.492 2.1392 0.35089712
20.534 2.0505 0.32438753
20.576 1.9654 0.30208793
20.619 1.8833 0.28334902
20.661 1.8035 0.26766938
20.704 1.7256 0.25468043
20.747 1.6489 0.24407146
20.79 1.5731 0.23567247
20.833 1.4976 0.22932344
20.877 1.4219 0.22496511
20.921 1.3456 0.22260675
20.964 1.268 0.22234763
21.008 1.1884 0.2243692
21.053 1.1063 0.22903145
21.097 1.0208 0.23694294
21.142 0.93075 0.24908511
21.186 0.83517 0.26713652
21.231 0.73303 0.29397861
21.277 0.62435 0.33452135
21.322 0.5131 0.39584334
21.368 0.41102 0.48219599
21.413 0.33151 0.58552787
21.459 0.27598 0.69133041
21.505 0.23764 0.7917329
21.552 0.21028 0.88504602
21.598 0.18995 0.97179839
21.645 0.17433 1.0530114
21.692 0.16201 1.1295443
21.739 0.15209 1.2023772
21.786 0.14399 1.27201
21.834 0.13729 1.3391434
21.882 0.13171 1.4040768
21.93 0.12705 1.4673101
21.978 0.12315 1.5290433
22.026 0.11989 1.5896764
22.075 0.11717 1.6493101
22.124 0.11494 1.7082438
22.173 0.11314 1.7665773
22.222 0.11171 1.8247108
22.272 0.11064 1.8824448
22.321 0.10988 1.9402781
22.371 0.10942 1.9981119
22.422 0.10924 2.0561464
22.472 0.10934 2.11458
22.523 0.10969 2.1734142
22.573 0.11031 2.2329477
22.624 0.11118 2.2930817
22.676 0.11231 2.3541162
22.727 0.1137 2.41615
22.779 0.11536 2.4793843
22.831 0.1173 2.5438185
22.883 0.11953 2.6096526
22.936 0.12208 2.6770872
22.989 0.12496 2.7463216
23.041 0.1282 2.8175553
23.095 0.13183 2.8909901
23.148 0.13589 2.9667242
23.202 0.14042 3.0451588
23.256 0.14548 3.1265932
23.31 0.15113 3.2113275
23.364 0.15743 3.2995616
23.419 0.16449 3.3918962
23.474 0.17242 3.4887306
23.529 0.18134 3.5905649
23.585 0.19142 3.6980997
23.641 0.20287 3.8120343
23.697 0.21592 3.9330687
23.753 0.23091 4.0625029
23.81 0.24824 4.2013376
23.866 0.26842 4.3510715
23.923 0.29215 4.5135059
23.981 0.32034 4.6909406
24.038 0.35426 4.8860746
24.096 0.39562 5.102609
24.155 0.44693 5.3451438
24.213 0.51183 5.6198778
24.272 0.59588 5.9349121
24.331 0.70787 6.3017463
24.39 0.86241 6.7363803
24.45 1.0852 7.2613147
24.51 1.4249 7.9084488
24.57 1.9806 8.7166828
24.631 2.9698 9.702317
24.691 4.8541 10.661551
24.752 8.0241 10.415584
24.814 10.427 7.5295186
24.876 10.209 4.5335525
24.938 9.1293 2.8578862
25 8.1027 1.9784197
25.063 7.2536 1.4846535
25.126 6.5521 1.188787
25.189 5.9563 1.0051003
25.253 5.4325 0.8922939
25.316 4.9549 0.83009671
25.381 4.5026 0.81004031
25.445 4.0571 0.83228314
25.51 3.6007 0.90666622
25.575 3.1172 1.058519
25.641 2.6046 1.3409521
25.707 2.1218 1.8293849
25.773 1.8057 2.5170174
25.84 1.7096 3.2943501
25.907 1.806 4.1165826
25.974 2.1089 5.0028148
26.042 2.7201 5.9742472
26.11 3.8825 6.9552793
26.178 5.9214 7.4376111
26.247 8.2273 6.295243
26.316 8.9973 4.1073747
26.385 8.5867 2.5424061
26.455 7.9603 1.6715376
26.525 7.4034 1.1790689
26.596 6.9474 0.88065024
26.667 6.5759 0.6874713
26.738 6.2692 0.55530204
26.81 6.0117 0.46072291
26.882 5.792 0.39053345
26.954 5.6018 0.33686367
27.027 5.4349 0.29478399
27.1 5.2869 0.26109399
27.174 5.1544 0.23363406
27.248 5.0347 0.2109038
27.322 4.9258 0.1918432
27.397 4.8261 0.17566266
27.473 4.7342 0.16179217
27.548 4.6491 0.14979095
27.624 4.5699 0.13932977
27.701 4.4959 0.13013862
27.778 4.4265 0.12201711
27.855 4.3612 0.11479525
27.933 4.2994 0.1083484
28.011 4.2409 0.10256119
28.09 4.1852 0.097347969
28.169 4.1322 0.092635386
28.249 4.0815 0.08836178
28.329 4.0329 0.084476804
28.409 3.9863 0.080936459
28.49 3.9413 0.077707073
28.571 3.898 0.074755314
28.653 3.856 0.072057499
28.736 3.8152 0.069590618
28.818 3.7756 0.067337043
28.902 3.737 0.0652807
28.986 3.6992 0.063409966
29.07 3.6622 0.061713843
29.155 3.6258 0.060187624
29.24 3.5899 0.058823012
29.326 3.5543 0.057621291
29.412 3.519 0.056581173
29.499 3.4837 0.055707932
29.586 3.4484 0.055009292
29.674 3.4127 0.054501516
29.762 3.3766 0.054204338
29.851 3.3397 0.054151011
29.94 3.3017 0.05438728
30.03 3.2622 0.054982388
30.12 3.2206 0.056044089
30.211 3.1762 0.057791619
30.303 3.128 0.060754969
30.395 3.0747 0.065897903
30.488 3.0142 0.074402646
30.581 2.943 0.087670971
30.675 2.8554 0.1084871
30.769 2.7407 0.1439978
30.864 2.5788 0.2141473
30.96 2.3315 0.38605657
31.056 2.0192 0.93356542
31.153 2.5695 2.128304
31.25 4.2753 1.5829222
31.348 4.1105 0.5498102
31.447 3.7886 0.25584791
31.546 3.5795 0.15352519
31.646 3.4345 0.11081222
31.746 3.3241 0.091677824
31.847 3.2334 0.082827165
31.949 3.1541 0.078956236
32.051 3.0811 0.078089879
32.154 3.0109 0.079496245
32.258 2.9408 0.082954327
32.362 2.8684 0.088565979
32.468 2.7916 0.096730476
32.573 2.7075 0.10821241
32.68 2.6127 0.12433417
32.787 2.5027 0.1473775
32.895 2.3705 0.18149052
33.003 2.2056 0.23475312
33.113 1.9912 0.32496551
33.223 1.7028 0.49759747
33.333 1.3477 0.874769
33.445 1.1351 1.5697303
33.557 1.2398 2.4365412
33.67 1.7454 3.4518517
33.784 3.1606 4.4657619
33.898 5.5629 3.7146717
34.014 5.837 1.7192813
34.13 5.2708 0.84809035
34.247 4.8246 0.4961091
34.364 4.5123 0.32703742
34.483 4.2862 0.23389546
34.602 4.1146 0.17740308
34.722 3.9788 0.14076034
34.843 3.8672 0.11587725
34.965 3.7725 0.098520784
35.088 3.6893 0.086351954
35.211 3.6137 0.07809171
35.336 3.5424 0.07316014
35.461 3.4717 0.071622157
35.587 3.3973 0.074898803
35.714 3.3135 0.090123075
35.842 3.2104 0.13039897
35.971 3.0656 0.23031249
36.101 2.9005 0.56406563
36.232 3.4875 1.1566884
36.364 4.0059 0.50397076
36.496 3.8291 0.18209274
36.63 3.684 0.096112348
36.765 3.5905 0.066756571
36.9 3.5254 0.052524403
37.037 3.476 0.044349856
37.175 3.4363 0.039131921
37.313 3.403 0.035533601
37.453 3.3742 0.032904893
37.594 3.3488 0.030895797
37.736 3.3259 0.029304314
37.879 3.3051 0.028008443
38.023 3.2859 0.026927186
38.168 3.2682 0.026008543
38.314 3.2516 0.025215514
38.462 3.236 0.024521078
38.61 3.2213 0.02390628
38.76 3.2073 0.023356071
38.911 3.194 0.022860478
39.062 3.1814 0.022410535
39.216 3.1693 0.021999144
39.37 3.1576 0.021621406
39.526 3.1464 0.021272251
39.683 3.1357 0.020947716
39.841 3.1253 0.020645804
40 3.1152 0.020363518
40.161 3.1055 0.02009881
40.323 3.0961 0.01984983
40.486 3.0869 0.019614979
40.65 3.0781 0.019392962
40.816 3.0694 0.019182723
40.984 3.061 0.018983162
41.152 3.0528 0.018793497
41.322 3.0447 0.018613012
41.494 3.0369 0.018440907
41.667 3.0292 0.018276845
41.841 3.0217 0.01812023
42.017 3.0144 0.017970699
42.194 3.0072 0.017827919
42.373 3.0001 0.017691525
42.553 2.9932 0.01756149
42.735 2.9863 0.017437342
42.918 2.9796 0.017319259
43.103 2.9729 0.017207068
43.29 2.9664 0.01710077
43.478 2.9599 0.017000545
43.668 2.9535 0.016906619
43.86 2.9472 0.016818991
44.053 2.9409 0.016738348
44.248 2.9346 0.016665009
44.444 2.9284 0.016599864
44.643 2.9222 0.016543443
44.843 2.916 0.016497222
45.045 2.9097 0.016462517
45.249 2.9034 0.016441132
45.455 2.8971 0.016435768
45.662 2.8906 0.016449723
45.872 2.884 0.016487214
46.083 2.8773 0.016554232
46.296 2.8703 0.016658987
46.512 2.863 0.016812588
46.729 2.8553 0.01703183
46.948 2.8471 0.01734042
47.17 2.8381 0.017775167
47.393 2.8282 0.018394169
47.619 2.8169 0.019293135
47.847 2.8037 0.020640367
48.077 2.7875 0.022753471
48.309 2.7667 0.02628925
48.544 2.7379 0.032788609
48.78 2.694 0.046595756
49.02 2.6184 0.08635539
49.261 2.5306 0.26824682
49.505 2.8433 0.67406185
49.751 3.2295 0.25449659
50 3.0886 0.08431394
50.251 3.0107 0.046201006
50.505 2.9668 0.032096692
50.761 2.9383 0.025402107
51.02 2.9179 0.021698154
51.282 2.9024 0.019425838
51.546 2.8899 0.01792087
51.813 2.8795 0.01686455
52.083 2.8705 0.016087586
52.356 2.8627 0.015493584
52.632 2.8556 0.01502445
52.91 2.8493 0.014643595
53.191 2.8434 0.014326721
53.476 2.8379 0.014057331
53.763 2.8329 0.01382424
54.054 2.8281 0.013619047
54.348 2.8235 0.013435863
54.645 2.8192 0.013270195
54.945 2.815 0.01311875
55.249 2.811 0.012978733
55.556 2.8072 0.012848454
55.866 2.8035 0.012726021
56.18 2.7999 0.012610339
56.497 2.7964 0.012500319
56.818 2.7931 0.012395065
57.143 2.7898 0.012293887
57.471 2.7866 0.012196495
57.803 2.7835 0.012102095
58.14 2.7804 0.012010393
58.48 2.7775 0.011921104
58.824 2.7745 0.011833933
59.172 2.7717 0.01174859
59.524 2.7689 0.011664984
59.88 2.7662 0.011582824
60.241 2.7635 0.01150202
60.606 2.7608 0.011422382
60.976 2.7582 0.011343719
61.35 2.7557 0.011266142
61.728 2.7532 0.011189559
62.112 2.7507 0.011113486
62.5 2.7483 0.011038327
62.893 2.7459 0.010963798
63.291 2.7436 0.010889907
63.694 2.7413 0.010816567
64.103 2.739 0.010743595
64.516 2.7368 0.010671189
64.935 2.7346 0.010599274
65.359 2.7324 0.010527655
65.789 2.7303 0.01045645
66.225 2.7282 0.010385573
66.667 2.7261 0.010314936
67.114 2.724 0.010244643
67.568 2.722 0.010174525
68.027 2.72 0.010104874
68.493 2.7181 0.010035226
68.966 2.7161 0.0099658946
69.444 2.7142 0.0098967678
69.93 2.7123 0.0098276989
70.423 2.7105 0.0097588895
70.922 2.7086 0.0096902383
71.429 2.7068 0.0096216907
71.942 2.705 0.0095533285
72.464 2.7033 0.009485018
72.993 2.7015 0.0094168401
73.529 2.6998 0.0093488087
74.074 2.6981 0.0092808785
74.627 2.6964 0.0092129467
75.188 2.6948 0.0091451291
75.758 2.6932 0.0090773641
76.336 2.6915 0.0090097461
76.923 2.6899 0.0089421148
77.519 2.6884 0.0088745877
78.125 2.6868 0.0088071084
78.74 2.6853 0.0087396693
79.365 2.6838 0.0086722153
80 2.6823 0.0086047653
80.645 2.6808 0.0085374383
81.301 2.6794 0.0084700831
81.967 2.6779 0.0084028894
82.645 2.6765 0.0083355393
83.333 2.6751 0.0082682896
84.034 2.6737 0.0082010591
84.746 2.6723 0.008133803
85.47 2.671 0.008066576
86.207 2.6697 0.0079993358
86.957 2.6684 0.0079321058
87.719 2.6671 0.0078649711
88.496 2.6658 0.0077976685
89.286 2.6645 0.0077304458
90.09 2.6633 0.0076632652
90.909 2.662 0.0075959922
91.743 2.6608 0.0075287524
92.593 2.6596 0.0074615145
93.458 2.6584 0.0073942616
94.34 2.6572 0.0073269077
95.238 2.6561 0.0072596357
96.154 2.6549 0.0071923643
97.087 2.6538 0.0071250759
98.039 2.6527 0.0070576938
99.01 2.6516 0.0069902489
100 2.6505 0.0069228715
101.01 2.6494 0.0068555419
102.04 2.6484 0.0067880912
103.09 2.6473 0.0067207497
104.17 2.6463 0.0066529807
105.26 2.6453 0.0065857528
106.38 2.6443 0.00651817
107.53 2.6433 0.0064502836
108.7 2.6423 0.0063826765
109.89 2.6414 0.0063151728
111.11 2.6404 0.0062475795
112.36 2.6395 0.0061798429
113.64 2.6386 0.0061120082
114.94 2.6377 0.0060444112
116.28 2.6368 0.005976502
117.65 2.6359 0.0059086215
119.05 2.635 0.0058408091
120.48 2.6342 0.0057730025
121.95 2.6333 0.0057050851
123.46 2.6325 0.0056370149
125 2.6317 0.0055690848
126.58 2.6309 0.0055010963
128.21 2.6301 0.005432779
129.87 2.6293 0.0053648345
131.58 2.6285 0.0052966837
133.33 2.6278 0.0052286241
135.14 2.627 0.0051601637
136.99 2.6263 0.0050919474
138.89 2.6255 0.0050237253
140.85 2.6248 0.0049552834
142.86 2.6241 0.0048869714
144.93 2.6234 0.0048185734
147.06 2.6228 0.0047501586
149.25 2.6221 0.0046817927
151.52 2.6214 0.0046130551
153.85 2.6208 0.0045445142
156.25 2.6201 0.0044760018
158.73 2.6195 0.0044073519
161.29 2.6189 0.0043386706
163.93 2.6183 0.0042700293
166.67 2.6177 0.0042011094
169.49 2.6171 0.0041324029
172.41 2.6166 0.0040636058
175.44 2.616 0.0039946265
178.57 2.6155 0.0039257482
181.82 2.6149 0.0038567315
185.19 2.6144 0.0037876704
188.68 2.6139 0.0037186917
192.31 2.6134 0.0036495839
196.08 2.6129 0.0035804722
200 2.6124 0.0035113334
204.08 2.6119 0.0034421469
208.33 2.6114 0.0033729138
212.77 2.611 0.0033035319
217.39 2.6105 0.0032342749
222.22 2.6101 0.0031649095
227.27 2.6097 0.003095507
232.56 2.6093 0.0030260003
238.1 2.6089 0.002956485
243.9 2.6085 0.0028870197
250 2.6081 0.0028174228
256.41 2.6077 0.0027478046
263.16 2.6073 0.0026781288
270.27 2.607 0.0026084471
277.78 2.6066 0.0025386935
285.71 2.6063 0.0024689518
294.12 2.606 0.0023990862
303.03 2.6057 0.0023292422
312.5 2.6054 0.0022593387
322.58 2.6051 0.0021893912
333.33 2.6048 0.0021194153
344.83 2.6045 0.0020493591
357.14 2.6042 0.0019793097
370.37 2.604 0.0019091884
384.62 2.6037 0.0018390138
400 2.6035 0.0017688324
416.67 2.6033 0.0016985786
434.78 2.603 0.0016283223
454.55 2.6028 0.0015579744
476.19 2.6026 0.0014876202
500 2.6024 0.0014172206
526.32 2.6023 0.0013467539
555.56 2.6021 0.001276268
588.24 2.6019 0.0012057341
625 2.6018 0.0011351606
666.67 2.6016 0.0010645384
714.29 2.6015 0.00099387443
769.23 2.6014 0.00092317179
833.33 2.6012 0.00085242138
909.09 2.6011 0.00078162333
1000 2.601 0.00071079408

