0.08 1.2095608 0.91175142
0.081 1.2364706 0.91336647
0.082 1.2601208 0.90907031
0.083 1.2834766 0.89965109
0.084 1.2949497 0.88385058
0.085 1.3048543 0.86784959
0.086 1.3090047 0.86078241
0.087 1.3066762 0.86175722
0.088 1.3055446 0.87152701
0.089 1.3056346 0.88902542
0.09 1.3102837 0.90709207
0.091 1.327033 0.92497452
0.092 1.3561295 0.93384338
0.093 1.3944608 0.94271223
0.094 1.4176017 0.9445526
0.095 1.4402352 0.94244914
0.096 1.4586792 0.94296743
0.097 1.4720787 0.94664269
0.098 1.4854781 0.95122441
0.099 1.5101997 0.95663668
0.1 1.5419271 0.95899347
0.101 1.573607 0.95495032
0.102 1.6052083 0.95073044
0.103 1.6368096 0.93898994
0.104 1.6628971 0.92724944
0.105 1.6878759 0.91123281
0.106 1.709432 0.88901365
0.107 1.7250719 0.8667945
0.108 1.7407117 0.84381768
0.109 1.7519841 0.81986741
0.11 1.754617 0.80555454
0.111 1.7572499 0.79613681
0.112 1.7598828 0.78671907
0.113 1.7624037 0.78028696
0.114 1.7648646 0.77808138
0.115 1.7673255 0.77587581
0.116 1.7697864 0.77367024
0.117 1.7808224 0.76994892
0.118 1.7953603 0.760064
0.119 1.8100243 0.75017908
0.12 1.8257848 0.73752559
0.121 1.8415453 0.72275878
0.122 1.8568538 0.70799197
0.123 1.8678838 0.6928755
0.124 1.8789139 0.67745301
0.125 1.8811403 0.66203053
0.126 1.8752648 0.64633309
0.127 1.8691569 0.63061596
0.128 1.8615979 0.63015527
0.129 1.8540388 0.63274089
0.13 1.8470044 0.63909728
0.131 1.8574495 0.64554189
0.132 1.8678945 0.64633154
0.133 1.8793687 0.63871255
0.134 1.8911676 0.62644809
0.135 1.8911837 0.61756746
0.136 1.887303 0.60980595
0.137 1.8821315 0.60640994
0.138 1.8743308 0.61190693
0.139 1.86653 0.62149898
0.14 1.8587293 0.6502715
0.141 1.8726683 0.68845928
0.142 1.8953059 0.71682508
0.143 1.9363466 0.73323769
0.144 1.9810926 0.73553549
0.145 2.0394406 0.73783329
0.146 2.1049337 0.72383577
0.147 2.1575272 0.66646649
0.148 2.1972678 0.59914068
0.149 2.2304074 0.52709024
0.15 2.2396888 0.40832334
0.151 2.2489702 0.26140798
0.152 2.2493389 0.15993038
0.153 2.240446 0.074176614
0.154 2.2315531 0.042088307
0.155 2.2114548 0.01
0.156 2.1893454 0.003
0.157 2.167236 0.001
0.158 2.1507178 0.0003
0.159 2.1372691 0.0001
0.16 2.1238204 4e-05
0.161 2.1103717 2e-05
0.162 2.0969229 1.2e-05
0.163 2.0848602 9e-06
0.164 2.0755299 7e-06
0.165 2.0661997 6e-06
0.166 2.0568694 5.5e-06
0.167 2.0475391 5.2e-06
0.168 2.0382089 4.900004e-06
0.169 2.0291044 4.6781661e-06
0.17 2.0216532 4.5359187e-06
0.171 2.014202 4.4007723e-06
0.172 2.0067508 4.2772632e-06
0.173 1.9992996 4.1643041e-06
0.174 1.9918484 4.0587474e-06
0.175 1.9843973 3.9498162e-06
0.176 1.9777673 3.8522418e-06
0.177 1.9723197 3.7595375e-06
0.178 1.9668721 3.6654336e-06
0.179 1.9614245 3.5760902e-06
0.18 1.9559769 3.4930212e-06
0.181 1.9505293 3.4262193e-06
0.182 1.9450817 3.3534931e-06
0.183 1.9396342 3.2883952e-06
0.184 1.9341866 3.2387843e-06
0.185 1.929039 3.1769899e-06
0.186 1.9248873 3.126018e-06
0.187 1.9207357 3.1014485e-06
0.188 1.916584 3.0764095e-06
0.189 1.9124324 3.0520637e-06
0.19 1.9082807 3.0397182e-06
0.191 1.9041291 3.0222808e-06
0.192 1.8999774 2.9941766e-06
0.193 1.8958258 2.9768491e-06
0.194 1.8916741 2.9536362e-06
0.195 1.8875225 2.923465e-06
0.196 1.8833708 2.8780204e-06
0.197 1.8792192 2.8281163e-06
0.198 1.8750675 2.7719467e-06
0.199 1.8709159 2.696638e-06
0.2 1.8667642 2.6137057e-06
0.201 1.8626126 2.52149e-06
0.202 1.8590004 2.4137476e-06
0.203 1.856304 2.2957869e-06
0.204 1.8536076 2.1745371e-06
0.205 1.8509112 2.0501733e-06
0.206 1.8482148 1.9128652e-06
0.207 1.8455184 1.7870308e-06
0.208 1.842822 1.671759e-06
0.209 1.8401256 1.5519419e-06
0.21 1.8374291 1.4283282e-06
0.211 1.8347327 1.3259327e-06
0.212 1.8320363 1.2178962e-06
0.213 1.8293399 1.1177399e-06
0.214 1.8266435 1.0372371e-06
0.215 1.8239471 9.596041e-07
0.216 1.8212507 8.9228147e-07
0.217 1.8185543 8.2593477e-07
0.218 1.8158579 7.5819913e-07
0.219 1.8131615 7.1239849e-07
0.22 1.8104651 6.6571944e-07
0.221 1.8077687 6.2341779e-07
0.222 1.8050722 5.7279115e-07
0.223 1.8023758 5.3045068e-07
0.224 1.7996794 5.0309255e-07
0.225 1.796983 4.7643668e-07
0.226 1.7942866 4.4599881e-07
0.227 1.7915902 4.2056763e-07
0.228 1.7893389 3.8777782e-07
0.229 1.7877273 3.5440644e-07
0.23 1.7861157 3.2737709e-07
0.231 1.7845041 3.0608884e-07
0.232 1.7828926 2.8545435e-07
0.233 1.781281 2.7220501e-07
0.234 1.7796694 2.6257873e-07
0.235 1.7780579 2.2865731e-07
0.236 1.7764463 2.0020163e-07
0.237 1.7748347 1.8490476e-07
0.238 1.7732231 1.8064278e-07
0.239 1.7716116 1.6687881e-07
0.24 1.77 1.4895221e-07
0.241 1.7686667 1.4298935e-07
0.242 1.7673333 1.3690927e-07
0.243 1.766 1.1816196e-07
0.244 1.7646667 9.8240334e-08
0.245 1.7633333 9.3315463e-08
0.246 1.762 8.6298924e-08
0.247 1.7606667 7.9973321e-08
0.248 1.7593333 6.6150945e-08
0.249 1.758 5.5324243e-08
0.25 1.7566667 5.3625624e-08
0.26 1.7442 0
0.27 1.7334074 0
0.28 1.7243589 0
0.29 1.7160196 0
0.3 1.7088 0
0.31 1.7027 0
0.32 1.6973242 0
0.33 1.6925727 0
0.34 1.6886018 0
0.35 1.6856345 0
0.36 1.6826673 0
0.37 1.6797 0
0.38 1.6773667 0
0.39 1.6750333 0
0.4 1.6727 0
0.41 1.6709689 0
0.42 1.6692379 0
0.43 1.6675068 0
0.44 1.666128 0
0.45 1.6650567 0
0.46 1.6639853 0
0.47 1.662914 0
0.48 1.6618427 0
0.49 1.6607713 0
0.5 1.6597 0
0.51 1.6589 0
0.52 1.6581 0
0.53 1.6573 0
0.54 1.6565 0
0.55 1.6557 0
0.56 1.6550995 0
0.57 1.654499 0
0.58 1.6538984 0
0.59 1.6532979 0
0.6 1.6526974 0
0.61 1.6520969 0
0.62 1.6515943 0
0.63 1.6512825 0
0.64 1.6509707 0
0.65 1.6506589 0
0.66 1.6503471 0
0.67 1.6500353 0
0.68 1.6497236 0
0.69 1.6494118 0
0.7 1.6491 0
0.71 1.64891 0
0.72 1.64872 0
0.73 1.64853 0
0.74 1.64834 0
0.75 1.64815 0
0.76 1.64796 0
0.77 1.64777 0
0.78 1.64758 0
0.79 1.64739 0
0.8 1.6472 0
0.81 1.64703 0
0.82 1.64686 0
0.83 1.64669 0
0.84 1.64652 0
0.85 1.64635 0
0.86 1.64618 0
0.87 1.64601 0
0.88 1.64584 0
0.89 1.64567 0
0.9 1.6455 0
0.91 1.64535 0
0.92 1.6452 0
0.93 1.64505 0
0.94 1.6449 0
0.95 1.64475 0
0.96 1.6446 0
0.97 1.64445 0
0.98 1.6443 0
0.99 1.64415 0
1 1.644 0
1.01 1.64387 0
1.02 1.64374 0
1.03 1.64361 0
1.04 1.64348 0
1.05 1.64335 0
1.06 1.64322 0
1.07 1.64309 0
1.08 1.64296 0
1.09 1.64283 0
1.1 1.6427 0
1.11 1.6426249 0
1.12 1.6425499 0
1.13 1.6424748 0
1.14 1.6423997 0
1.15 1.6423247 0
1.16 1.6422496 0
1.17 1.6421745 0
1.18 1.6420995 0
1.19 1.6420244 0
1.2 1.6419493 0
1.21 1.6418743 0
1.22 1.6417992 0
1.23 1.6417242 0
1.24 1.6416491 0
1.25 1.641574 0
1.26 1.6415 0
1.27 1.6414 0
1.28 1.6413 0
1.29 1.6413 0
1.3 1.6412 0
1.31 1.6411 0
1.32 1.641 0
1.33 1.641 0
1.34 1.6409 0
1.35 1.6408 0
1.36 1.6407 0
1.37 1.6406 0
1.38 1.6405 0
1.39 1.6405 0
1.4 1.6404 0
1.41 1.6403 0
1.42 1.6402 0
1.43 1.6401 0
1.44 1.64 0
1.45 1.64 0
1.46 1.6399 0
1.47 1.6398 0
1.48 1.6397 0
1.49 1.6396 0
1.5 1.6395 0
1.51 1.6394 0
1.52 1.6393 0
1.53 1.6392 0
1.54 1.6391 0
1.55 1.639 0
1.56 1.639 0
1.57 1.6389 0
1.58 1.6388 0
1.59 1.6387 0
1.6 1.6386 0
1.61 1.6385 0
1.62 1.6384 0
1.63 1.6383 0
1.64 1.6382 0
1.65 1.6381 0
1.66 1.638 0
1.67 1.6379 0
1.68 1.6378 0
1.69 1.6377 0
1.7 1.6376 0
1.71 1.6375 0
1.72 1.6374 0
1.73 1.6373 0
1.74 1.6372 0
1.75 1.637 0
1.76 1.6369 0
1.77 1.6368 0
1.78 1.6367 0
1.79 1.6366 0
1.8 1.6365 0
1.81 1.6364 0
1.82 1.6363 0
1.83 1.6362 0
1.84 1.6361 0
1.85 1.6359 0
1.86 1.6358 0
1.87 1.6357 0
1.88 1.6356 0
1.89 1.6355 0
1.9 1.6354 0
1.91 1.6353 0
1.92 1.6351 0
1.93 1.635 0
1.94 1.6349 0
1.95 1.6348 0
1.96 1.6347 0
1.97 1.6345 0
1.98 1.6344 0
1.99 1.6343 0
2 1.6342 0
2.01 1.6341 0
2.02 1.6339 0
2.03 1.6338 0
2.04 1.6337 0
2.05 1.6336 0
2.06 1.6334 0
2.07 1.6333 0
2.08 1.6332 0
2.09 1.633 0
2.1 1.6329 0
2.11 1.6328 0
2.12 1.6327 0
2.13 1.6325 0
2.14 1.6324 0
2.15 1.6323 0
2.16 1.6321 0
2.17 1.632 0
2.18 1.6319 0
2.19 1.6317 0
2.2 1.6316 0
2.21 1.6314 0
2.22 1.6313 0
2.23 1.6312 0
2.24 1.631 0
2.25 1.6309 0
2.26 1.6307 0
2.27 1.6306 0
2.28 1.6305 0
2.29 1.6303 0
2.3 1.6302 0
2.31 1.63 0
2.32 1.6299 0
2.33 1.6297 0
2.34 1.6296 0
2.35 1.6295 0
2.36 1.6293 0
2.37 1.6292 0
2.38 1.629 0
2.39 1.6289 0
2.4 1.6287 0
2.41 1.6286 0
2.42 1.6284 0
2.43 1.6283 0
2.44 1.6281 0
2.45 1.6279 0
2.46 1.6278 0
2.47 1.6276 0
2.48 1.6275 0
2.49 1.6273 0
2.5 1.6272 0
2.51 1.627 0
2.52 1.6268 0
2.53 1.6267 0
2.54 1.6265 0
2.55 1.6264 0
2.56 1.6262 0
2.57 1.626 0
2.58 1.6259 0
2.59 1.6257 0
2.6 1.6256 0
2.61 1.6254 0
2.62 1.6252 0
2.63 1.6251 0
2.64 1.6249 0
2.65 1.6247 0
2.66 1.6245 0
2.67 1.6244 0
2.68 1.6242 0
2.69 1.624 0
2.7 1.6239 0
2.71 1.6237 0
2.72 1.6235 0
2.73 1.6233 0
2.74 1.6232 0
2.75 1.623 0
2.76 1.6228 0
2.77 1.6226 0
2.78 1.6225 0
2.79 1.6223 0
2.8 1.6221 0
2.81 1.6219 0
2.82 1.6217 0
2.83 1.6216 0
2.84 1.6214 0
2.85 1.6212 0
2.86 1.621 0
2.87 1.6208 0
2.88 1.6206 0
2.89 1.6204 0
2.9 1.6203 0
2.91 1.6201 0
2.92 1.6199 0
2.93 1.6197 0
2.94 1.6195 0
2.95 1.6193 0
2.96 1.6191 0
2.97 1.6189 0
2.98 1.6187 0
2.99 1.6185 0
3 1.6183 0
3.01 1.6181 0
3.02 1.6179 0
3.03 1.6178 0
3.04 1.6176 0
3.05 1.6174 0
3.06 1.6172 0
3.07 1.617 0
3.08 1.6167 0
3.09 1.6165 1.2223321e-07
3.1 1.6163 1.7650068e-07
3.11 1.6161 1.688209e-07
3.12 1.6159 1.4549151e-07
3.13 1.6157 1.2566563e-07
3.14 1.6155 1.4002473e-07
3.15 1.6153 2.1469689e-07
3.16 1.6151 2.2937152e-07
3.17 1.6149 2.0832043e-07
3.18 1.6147 1.5729439e-07
3.19 1.6145 1.7332335e-07
3.2 1.6143 2.1051044e-07
3.21 1.6141 2.7497077e-07
3.22 1.6138 2.8341088e-07
3.23 1.6136 2.5372642e-07
3.24 1.6134 2.4363878e-07
3.25 1.6132 2.6170271e-07
3.26 1.613 3.2187933e-07
3.27 1.6128 3.9126748e-07
3.28 1.6125 4.0358279e-07
3.29 1.6123 3.7230681e-07
3.3 1.6121 3.8429922e-07
3.31 1.6119 4.3637682e-07
3.32 1.6117 5.2370726e-07
3.33 1.6114 5.7431344e-07
3.34 1.6112 6.0768498e-07
3.35 1.611 5.9670912e-07
3.36 1.6108 6.1853376e-07
3.37 1.6105 7.110933e-07
3.38 1.6103 8.4538305e-07
3.39 1.6101 9.2034675e-07
3.4 1.6099 9.7908129e-07
3.41 1.6096 1.0590846e-06
3.42 1.6094 1.1542247e-06
3.43 1.6092 1.2471598e-06
3.44 1.6089 1.4025941e-06
3.45 1.6087 1.5836712e-06
3.46 1.6085 1.7361106e-06
3.47 1.6082 1.9159198e-06
3.48 1.608 2.161577e-06
3.49 1.6078 2.4819439e-06
3.5 1.6075 2.9163501e-06
3.51 1.6073 3.3972044e-06
3.52 1.607 3.8887412e-06
3.53 1.6068 4.4350167e-06
3.54 1.6066 5.070102e-06
3.55 1.6063 5.8114146e-06
3.56 1.6061 6.6809909e-06
3.57 1.6058 7.7045071e-06
3.58 1.6056 8.8569012e-06
3.59 1.6053 1.0129809e-05
3.6 1.6051 1.1540318e-05
3.61 1.6049 1.3110314e-05
3.62 1.6046 1.4805611e-05
3.63 1.6044 1.6378212e-05
3.64 1.6041 1.7302621e-05
3.65 1.6039 1.7443227e-05
3.66 1.6036 1.715671e-05
3.67 1.6034 1.6911475e-05
3.68 1.6031 1.6936819e-05
3.69 1.6028 1.7187329e-05
3.7 1.6026 1.7429251e-05
3.71 1.6023 1.7485905e-05
3.72 1.6021 1.7519632e-05
3.73 1.6018 1.7791981e-05
3.74 1.6016 1.8507093e-05
3.75 1.6013 1.9771716e-05
3.76 1.601 2.1413756e-05
3.77 1.6008 2.3426691e-05
3.78 1.6005 2.5972894e-05
3.79 1.6002 2.8674047e-05
3.8 1.6 3.0977954e-05
3.81 1.5997 3.278831e-05
3.82 1.5994 3.3616035e-05
3.83 1.5992 3.3016232e-05
3.84 1.5989 3.1316035e-05
3.85 1.5986 2.9313766e-05
3.86 1.5984 2.744295e-05
3.87 1.5981 2.518467e-05
3.88 1.5978 2.2184314e-05
3.89 1.5976 1.9169871e-05
3.9 1.5973 1.6482004e-05
3.91 1.597 1.3885383e-05
3.92 1.5967 1.1418699e-05
3.93 1.5964 9.3574779e-06
3.94 1.5962 7.8414553e-06
3.95 1.5959 6.7817359e-06
3.96 1.5956 6.0809869e-06
3.97 1.5953 5.6572263e-06
3.98 1.595 5.4472945e-06
3.99 1.5948 5.3557525e-06
4 1.5945 5.3517684e-06
4.01 1.5942 5.364048e-06
4.02 1.5939 5.3738701e-06
4.03 1.5936 5.3947212e-06
4.04 1.5933 5.4742705e-06
4.05 1.593 5.6395357e-06
4.06 1.5927 5.894014e-06
4.07 1.5925 6.2124228e-06
4.08 1.5922 6.5586329e-06
4.09 1.5919 6.9184432e-06
4.1 1.5916 7.3139431e-06
4.11 1.5913 7.7768161e-06
4.12 1.591 8.3436338e-06
4.13 1.5907 9.0355602e-06
4.14 1.5904 9.8310472e-06
4.15 1.5901 1.0689528e-05
4.16 1.5898 1.1542117e-05
4.17 1.5895 1.2308225e-05
4.18 1.5892 1.2938965e-05
4.19 1.5889 1.3423956e-05
4.2 1.5886 1.3814729e-05
4.21 1.5883 1.418257e-05
4.22 1.5879 1.461689e-05
4.23 1.5876 1.5121219e-05
4.24 1.5873 1.5632655e-05
4.25 1.587 1.6092291e-05
4.26 1.5867 1.6506558e-05
4.27 1.5864 1.6896028e-05
4.28 1.5861 1.7211091e-05
4.29 1.5858 1.7469823e-05
4.3 1.5854 1.7748025e-05
4.31 1.5851 1.8105202e-05
4.32 1.5848 1.8563622e-05
4.33 1.5845 1.9126553e-05
4.34 1.5842 1.975466e-05
4.35 1.5838 2.0381412e-05
4.36 1.5835 2.0993206e-05
4.37 1.5832 2.1597701e-05
4.38 1.5829 2.2221991e-05
4.39 1.5826 2.2883637e-05
4.4 1.5822 2.3604195e-05
4.41 1.5819 2.4365313e-05
4.42 1.5816 2.5122717e-05
4.43 1.5812 2.5825042e-05
4.44 1.5809 2.642769e-05
4.45 1.5806 2.7010408e-05
4.46 1.5802 2.7680369e-05
4.47 1.5799 2.8445541e-05
4.48 1.5796 2.9273217e-05
4.49 1.5792 3.0134159e-05
4.5 1.5789 3.1000793e-05
4.51 1.5785 3.1909848e-05
4.52 1.5782 3.289113e-05
4.53 1.5779 3.3962188e-05
4.54 1.5775 3.5095351e-05
4.55 1.5772 3.6223651e-05
4.56 1.5768 3.7312468e-05
4.57 1.5765 3.8359763e-05
4.58 1.5761 3.9341412e-05
4.59 1.5758 4.0235455e-05
4.6 1.5754 4.1064369e-05
4.61 1.5751 4.1819837e-05
4.62 1.5747 4.2538236e-05
4.63 1.5744 4.3197503e-05
4.64 1.574 4.377326e-05
4.65 1.5736 4.4288949e-05
4.66 1.5733 4.47379e-05
4.67 1.5729 4.5211772e-05
4.68 1.5726 4.5820818e-05
4.69 1.5722 4.6579602e-05
4.7 1.5718 4.7382063e-05
4.71 1.5715 4.810003e-05
4.72 1.5711 4.8705999e-05
4.73 1.5707 4.9211682e-05
4.74 1.5704 4.9669838e-05
4.75 1.57 5.0202779e-05
4.76 1.5696 5.0889347e-05
4.77 1.5693 5.1703548e-05
4.78 1.5689 5.2615734e-05
4.79 1.5685 5.3645816e-05
4.8 1.5681 5.4738314e-05
4.81 1.5678 5.5964585e-05
4.82 1.5674 5.7452644e-05
4.83 1.567 5.930773e-05
4.84 1.5666 6.1756751e-05
4.85 1.5662 6.5003594e-05
4.86 1.5658 6.9064876e-05
4.87 1.5655 7.3825123e-05
4.88 1.5651 7.8985194e-05
4.89 1.5647 8.4323712e-05
4.9 1.5643 8.9841429e-05
4.91 1.5639 9.5269307e-05
4.92 1.5635 9.9694516e-05
4.93 1.5631 0.00010272365
4.94 1.5627 0.00010534182
4.95 1.5623 0.000108411
4.96 1.5619 0.00011215556
4.97 1.5615 0.00011659634
4.98 1.5611 0.00012156226
4.99 1.5607 0.00012729185
5 1.5603 0.00013400999
5.01 1.5599 0.00014237872
5.02 1.5595 0.00015253423
5.03 1.5591 0.0001650138
5.04 1.5587 0.00018073326
5.05 1.5583 0.00020061184
5.06 1.5579 0.00022531744
5.07 1.5575 0.000255
5.08 1.557 0.0003
5.09 1.5566 0.0004
5.1 1.5562 0.00055
5.11 1.5558 0.00075
5.12 1.5554 0.001
5.13 1.5549 0.00125
5.14 1.5545 0.00145
5.15 1.5541 0.00161
5.16 1.5537 0.001703758
5.17 1.5532 0.001756198
5.18 1.5528 0.0017860733
5.19 1.5524 0.0018199218
5.2 1.5519 0.001839416
5.21 1.5515 0.0018533492
5.22 1.5511 0.0018741403
5.23 1.5506 0.0018822125
5.24 1.5502 0.0018992412
5.25 1.5498 0.0019246727
5.26 1.5493 0.0019656345
5.27 1.5489 0.0019834956
5.28 1.5484 0.0020091154
5.29 1.548 0.0020143069
5.3 1.5475 0.0020308277
5.31 1.5471 0.0020116984
5.32 1.5466 0.001995139
5.33 1.5462 0.0019827727
5.34 1.5457 0.0019801506
5.35 1.5453 0.0019732074
5.36 1.5448 0.0019759838
5.37 1.5443 0.0019882176
5.38 1.5439 0.0020134875
5.39 1.5434 0.0020605171
5.4 1.543 0.0020858366
5.41 1.5425 0.0021574499
5.42 1.542 0.0021281859
5.43 1.5415 0.0021384265
5.44 1.5411 0.0021457878
5.45 1.5406 0.0021406731
5.46 1.5401 0.0021785682
5.47 1.5397 0.0021791237
5.48 1.5392 0.0022836588
5.49 1.5387 0.0023563746
5.5 1.5382 0.0024313155
5.51 1.5377 0.0025363233
5.52 1.5372 0.0026285046
5.53 1.5368 0.0026867735
5.54 1.5363 0.0027648634
5.55 1.5358 0.0028700262
5.56 1.5353 0.002969953
5.57 1.5348 0.0029723829
5.58 1.5343 0.0029416428
5.59 1.5338 0.0030060151
5.6 1.5333 0.0030840606
5.61 1.5328 0.003048128
5.62 1.5323 0.002943581
5.63 1.5318 0.0028912057
5.64 1.5313 0.0029057751
5.65 1.5308 0.0029605119
5.66 1.5303 0.0029512236
5.67 1.5298 0.0028523519
5.68 1.5292 0.0027888177
5.69 1.5287 0.0028481106
5.7 1.5282 0.0029116798
5.71 1.5277 0.0030173138
5.72 1.5272 0.0030219124
5.73 1.5266 0.0030059162
5.74 1.5261 0.0031276524
5.75 1.5256 0.0032464921
5.76 1.5251 0.0033376165
5.77 1.5245 0.0034090473
5.78 1.524 0.0033382379
5.79 1.5235 0.0032766423
5.8 1.5229 0.0032383378
5.81 1.5224 0.0032366617
5.82 1.5218 0.0032838811
5.83 1.5213 0.0032877203
5.84 1.5208 0.0032503866
5.85 1.5202 0.0031952279
5.86 1.5197 0.0030878177
5.87 1.5191 0.0029312491
5.88 1.5186 0.0027641114
5.89 1.518 0.0026760788
5.9 1.5174 0.0026405493
5.91 1.5169 0.0025405862
5.92 1.5163 0.0023220009
5.93 1.5158 0.0021907451
5.94 1.5152 0.0020799057
5.95 1.5146 0.0019698847
5.96 1.5141 0.0018834252
5.97 1.5135 0.0018134422
5.98 1.5129 0.0017537752
5.99 1.5123 0.0017066687
6 1.5118 0.0016663221
6.01 1.5112 0.0016378002
6.02 1.5106 0.0016108842
6.03 1.51 0.0015898989
6.04 1.5094 0.0015702521
6.05 1.5088 0.0015532209
6.06 1.5082 0.001533852
6.07 1.5076 0.0015159996
6.08 1.507 0.0014970247
6.09 1.5064 0.0014809244
6.1 1.5058 0.0014667271
6.11 1.5052 0.001452797
6.12 1.5046 0.001437391
6.13 1.504 0.001423259
6.14 1.5034 0.0014117944
6.15 1.5028 0.0014019594
6.16 1.5022 0.0013912896
6.17 1.5016 0.0013819312
6.18 1.501 0.0013750937
6.19 1.5003 0.001369816
6.2 1.4997 0.0013653344
6.21 1.4991 0.0013622037
6.22 1.4984 0.0013575737
6.23 1.4978 0.0013561332
6.24 1.4972 0.0013542681
6.25 1.4965 0.0013511499
6.26 1.4959 0.0013493636
6.27 1.4953 0.0013502865
6.28 1.4946 0.0013514406
6.29 1.494 0.0013475545
6.3 1.4933 0.0013456154
6.31 1.4927 0.0013475947
6.32 1.492 0.0013533372
6.33 1.4914 0.0013617581
6.34 1.4907 0.001374326
6.35 1.49 0.0013887791
6.36 1.4894 0.0014008842
6.37 1.4887 0.0014197795
6.38 1.488 0.001440344
6.39 1.4874 0.0014597527
6.4 1.4867 0.0014780667
6.41 1.486 0.0014947566
6.42 1.4853 0.0015102121
6.43 1.4846 0.001525216
6.44 1.484 0.0015407453
6.45 1.4833 0.001555757
6.46 1.4826 0.0015693919
6.47 1.4819 0.0015809785
6.48 1.4812 0.0015917924
6.49 1.4805 0.0016038732
6.5 1.4798 0.0016138741
6.51 1.4791 0.0016178047
6.52 1.4784 0.0016200684
6.53 1.4777 0.0016200879
6.54 1.4769 0.0016185385
6.55 1.4762 0.0016178847
6.56 1.4755 0.0016121211
6.57 1.4748 0.0016042598
6.58 1.4741 0.0015945755
6.59 1.4733 0.0015878609
6.6 1.4726 0.0015855975
6.61 1.4719 0.0015840135
6.62 1.4711 0.0015858155
6.63 1.4704 0.0015915612
6.64 1.4696 0.0015964344
6.65 1.4689 0.001605897
6.66 1.4681 0.001617476
6.67 1.4674 0.001632246
6.68 1.4666 0.0016496759
6.69 1.4659 0.0016667274
6.7 1.4651 0.0016860616
6.71 1.4643 0.0017073359
6.72 1.4636 0.0017306462
6.73 1.4628 0.0017527853
6.74 1.462 0.0017734706
6.75 1.4612 0.0018000635
6.76 1.4604 0.0018265695
6.77 1.4597 0.0018376244
6.78 1.4589 0.0018473946
6.79 1.4581 0.0018559551
6.8 1.4573 0.001863152
6.81 1.4565 0.0018585995
6.82 1.4557 0.0018433175
6.83 1.4549 0.0018090418
6.84 1.454 0.0017977142
6.85 1.4532 0.0017821513
6.86 1.4524 0.0017787083
6.87 1.4516 0.001794549
6.88 1.4508 0.001816482
6.89 1.4499 0.0018461551
6.9 1.4491 0.0018861892
6.91 1.4483 0.0019298435
6.92 1.4474 0.0020093226
6.93 1.4466 0.002095
6.94 1.4457 0.00218
6.95 1.4449 0.00227
6.96 1.444 0.00236
6.97 1.4432 0.00245
6.98 1.4423 0.00254
6.99 1.4414 0.00263
7 1.4406 0.00268
7.01 1.4397 0.00271
7.02 1.4388 0.00273
7.03 1.4379 0.0027446069
7.04 1.4371 0.0027537007
7.05 1.4362 0.0027628991
7.06 1.4353 0.0027722049
7.07 1.4344 0.0027816564
7.08 1.4335 0.0027910578
7.09 1.4326 0.0028005731
7.1 1.4317 0.002810233
7.11 1.4307 0.0028199494
7.12 1.4298 0.0028297117
7.13 1.4289 0.0028395259
7.14 1.428 0.0028494332
7.15 1.427 0.0028594944
7.16 1.4261 0.0028695918
7.17 1.4252 0.0028797784
7.18 1.4242 0.0028900307
7.19 1.4233 0.0029004839
7.2 1.4223 0.0029109377
7.21 1.4214 0.0029214932
7.22 1.4204 0.0029321381
7.23 1.4194 0.0029427791
7.24 1.4184 0.002953683
7.25 1.4175 0.002964606
7.26 1.4165 0.002975566
7.27 1.4155 0.0029867506
7.28 1.4145 0.002997906
7.29 1.4135 0.0030092399
7.3 1.4125 0.0030205372
7.31 1.4115 0.003032124
7.32 1.4105 0.0030437861
7.33 1.4095 0.0030553605
7.34 1.4085 0.0030672131
7.35 1.4074 0.0030791942
7.36 1.4064 0.0030910406
7.37 1.4054 0.0031032771
7.38 1.4043 0.0031154652
7.39 1.4033 0.0031278541
7.4 1.4022 0.0031403116
7.41 1.4012 0.003152812
7.42 1.4001 0.0031654774
7.43 1.399 0.0031783077
7.44 1.398 0.0031911927
7.45 1.3969 0.0032041642
7.46 1.3958 0.0032173978
7.47 1.3947 0.0032306021
7.48 1.3936 0.0032440172
7.49 1.3925 0.0032575994
7.5 1.3914 0.0032711367
7.51 1.3903 0.0032849556
7.52 1.3892 0.0032987856
7.53 1.3881 0.0033127889
7.54 1.3869 0.0033269301
7.55 1.3858 0.003341223
7.56 1.3847 0.0033555927
7.57 1.3835 0.0033701657
7.58 1.3824 0.0033848683
7.59 1.3812 0.0033996198
7.6 1.3801 0.0034145889
7.61 1.3789 0.0034296273
7.62 1.3777 0.0034449635
7.63 1.3765 0.0034603433
7.64 1.3753 0.0034759153
7.65 1.3741 0.0034915881
7.66 1.3729 0.00350745
7.67 1.3717 0.0035234382
7.68 1.3705 0.0035395909
7.69 1.3693 0.0035558843
7.7 1.3681 0.0035723691
7.71 1.3668 0.0035890253
7.72 1.3656 0.0036057956
7.73 1.3643 0.0036226332
7.74 1.3631 0.0036398775
7.75 1.3618 0.0036571853
7.76 1.3605 0.0036744899
7.77 1.3593 0.0036922346
7.78 1.358 0.0037100976
7.79 1.3567 0.0037279996
7.8 1.3554 0.0037462389
7.81 1.3541 0.0037645829
7.82 1.3528 0.0037831026
7.83 1.3515 0.0038017873
7.84 1.3501 0.0038208051
7.85 1.3488 0.00384
7.86 1.3474 0.0038592006
7.87 1.3461 0.0038787439
7.88 1.3447 0.0038984581
7.89 1.3434 0.0039183054
7.9 1.342 0.0039384251
7.91 1.3406 0.0039587617
7.92 1.3392 0.0039792842
7.93 1.3378 0.0040000993
7.94 1.3364 0.0040210238
7.95 1.335 0.0040422852
7.96 1.3336 0.0040636568
7.97 1.3321 0.0040853355
7.98 1.3307 0.0041072733
7.99 1.3293 0.00412934
8 1.3278 0.0041516065
8.01 1.3263 0.0041743004
8.02 1.3248 0.0041972057
8.03 1.3234 0.0042202387
8.04 1.3219 0.004243448
8.05 1.3204 0.0042671363
8.06 1.3188 0.0042910428
8.07 1.3173 0.0043151121
8.08 1.3158 0.0043395452
8.09 1.3143 0.0043641581
8.1 1.3127 0.0043890718
8.11 1.3111 0.0044143178
8.12 1.3096 0.004439732
8.13 1.308 0.004465553
8.14 1.3064 0.0044916859
8.15 1.3048 0.0045178635
8.16 1.3032 0.004544676
8.17 1.3016 0.0045717953
8.18 1.2999 0.0045989982
8.19 1.2983 0.0046266004
8.2 1.2966 0.0046545518
8.21 1.295 0.0046826289
8.22 1.2933 0.0047113297
8.23 1.2916 0.0047400535
8.24 1.2899 0.0047695848
8.25 1.2882 0.0047991333
8.26 1.2865 0.0048290393
8.27 1.2847 0.0048592655
8.28 1.283 0.0048900769
8.29 1.2812 0.0049209949
8.3 1.2795 0.0049523307
8.31 1.2777 0.0049842387
8.32 1.2759 0.0050162706
8.33 1.2741 0.0050490642
8.34 1.2723 0.0050819284
8.35 1.2704 0.0051154692
8.36 1.2686 0.0051491471
8.37 1.2667 0.0051833368
8.38 1.2649 0.0052180524
8.39 1.263 0.0052529238
8.4 1.2611 0.005288481
8.41 1.2592 0.0053246091
8.42 1.2573 0.0053610447
8.43 1.2553 0.0053979193
8.44 1.2534 0.005435293
8.45 1.2514 0.0054731134
8.46 1.2494 0.0055115443
8.47 1.2474 0.00555021
8.48 1.2454 0.0055894348
8.49 1.2434 0.0056292879
8.5 1.2414 0.0056697779
8.51 1.2393 0.0057108961
8.52 1.2372 0.0057522012
8.53 1.2351 0.0057943402
8.54 1.233 0.005836858
8.55 1.2309 0.0058800152
8.56 1.2288 0.0059238893
8.57 1.2266 0.0059680027
8.58 1.2245 0.0060130465
8.59 1.2223 0.0060583946
8.6 1.2201 0.0061045586
8.61 1.2179 0.0061514222
8.62 1.2156 0.0061990502
8.63 1.2134 0.0062473429
8.64 1.2111 0.006296173
8.65 1.2088 0.0063457548
8.66 1.2065 0.0063959573
8.67 1.2042 0.0064469768
8.68 1.2018 0.006498338
8.69 1.1994 0.0065509439
8.7 1.197 0.0066042464
8.71 1.1946 0.0066582223
8.72 1.1922 0.00671304
8.73 1.1898 0.0067687984
8.74 1.1873 0.0068249956
8.75 1.1848 0.0068823796
8.76 1.1823 0.0069406055
8.77 1.1798 0.0069998626
8.78 1.1772 0.0070596976
8.79 1.1746 0.0071206216
8.8 1.172 0.0071822808
8.81 1.1694 0.0072448807
8.82 1.1667 0.0073090187
8.83 1.1641 0.0073736724
8.84 1.1614 0.0074395034
8.85 1.1587 0.0075058526
8.86 1.1559 0.0075741541
8.87 1.1531 0.0076432272
8.88 1.1503 0.0077130999
8.89 1.1475 0.0077842532
8.9 1.1447 0.0078568781
8.91 1.1418 0.007930329
8.92 1.1389 0.0080052396
8.93 1.136 0.00808113
8.94 1.133 0.0081587273
8.95 1.13 0.0082373323
8.96 1.127 0.0083172697
8.97 1.124 0.0083989972
8.98 1.1209 0.0084817522
8.99 1.1178 0.0085662033
9 1.1146 0.008651878
9.01 1.1115 0.0087392441
9.02 1.1083 0.0088281365
9.03 1.105 0.0089184898
9.04 1.1018 0.0090105091
9.05 1.0985 0.009103916
9.06 1.0951 0.0091995283
9.07 1.0918 0.0092969649
9.08 1.0884 0.0093957487
9.09 1.0849 0.0094969721
9.1 1.0814 0.0095995762
9.11 1.0779 0.0097042912
9.12 1.0744 0.0098112557
9.13 1.0708 0.009920412
9.14 1.0671 0.010030961
9.15 1.0635 0.010144755
9.16 1.0597 0.010260072
9.17 1.056 0.010377879
9.18 1.0522 0.010498245
9.19 1.0483 0.01062027
9.2 1.0445 0.010745857
9.21 1.0405 0.010873321
9.22 1.0365 0.01100367
9.23 1.0325 0.011137002
9.24 1.0284 0.011273391
9.25 1.0243 0.011411708
9.26 1.0201 0.011553192
9.27 1.0159 0.011699336
9.28 1.0116 0.011847162
9.29 1.0073 0.011998677
9.3 1.0029 0.01215432
9.31 0.99843 0.012312107
9.32 0.99393 0.012473521
9.33 0.98936 0.012640114
9.34 0.98474 0.012809977
9.35 0.98005 0.012985041
9.36 0.9753 0.013163547
9.37 0.97049 0.013344971
9.38 0.96561 0.013532014
9.39 0.96066 0.013723496
9.4 0.95564 0.013920552
9.41 0.95056 0.014123047
9.42 0.9454 0.014328886
9.43 0.94016 0.014540822
9.44 0.93485 0.014758898
9.45 0.92946 0.014982767
9.46 0.92399 0.015212879
9.47 0.91843 0.015448027
9.48 0.91279 0.015690803
9.49 0.90706 0.015940663
9.5 0.90125 0.01619774
9.51 0.89534 0.016463168
9.52 0.88933 0.016734869
9.53 0.88323 0.017014776
9.54 0.87702 0.017303491
9.55 0.87071 0.017600597
9.56 0.8643 0.017909028
9.57 0.85777 0.018224708
9.58 0.85113 0.01855414
9.59 0.84437 0.018892291
9.6 0.83749 0.019242526
9.61 0.83049 0.01960371
9.62 0.82335 0.019977438
9.63 0.81608 0.020365688
9.64 0.80867 0.020766515
9.65 0.80111 0.021183769
9.66 0.79341 0.021616674
9.67 0.78555 0.022064111
9.68 0.77753 0.022533365
9.69 0.76934 0.023017893
9.7 0.76097 0.023524581
9.71 0.75242 0.024053219
9.72 0.74369 0.024601724
9.73 0.73475 0.025179899
9.74 0.72561 0.025781135
9.75 0.71625 0.02641144
9.76 0.70667 0.027074216
9.77 0.69684 0.027767808
9.78 0.68677 0.028498369
9.79 0.67644 0.029269879
9.8 0.66583 0.030081249
9.81 0.65492 0.030940667
9.82 0.64371 0.031846409
9.83 0.63217 0.032813214
9.84 0.62029 0.03384045
9.85 0.60803 0.034935317
9.86 0.59538 0.036109635
9.87 0.58231 0.037361838
9.88 0.56879 0.03872119
9.89 0.55477 0.040184036
9.9 0.54024 0.04177378
9.91 0.52513 0.043511205
9.92 0.5094 0.045420107
9.93 0.49299 0.047512405
9.94 0.47583 0.049840092
9.95 0.45785 0.052476798
9.96 0.43894 0.055411115
9.97 0.41899 0.05880007
9.98 0.39788 0.062734193
9.99 0.37544 0.067328354
10 0.35149 0.072841523
10.01 0.32591 0.079609701
10.02 0.29819 0.088146886
10.03 0.26828 0.099259079
10.04 0.23628 0.11418528
10.05 0.20311 0.13459649
10.06 0.17126 0.16028771
10.07 0.14422 0.19332894
10.081 0.1237 0.22896029
10.091 0.10888 0.26429154
10.101 0.09811 0.29805279
10.111 0.090067 0.32997405
10.121 0.083877 0.36017532
10.132 0.078984 0.38886673
10.142 0.075028 0.41625801
10.152 0.071772 0.44254931
10.163 0.069052 0.46788074
10.173 0.066751 0.49240206
10.183 0.064788 0.51621338
10.194 0.063098 0.53941484
10.204 0.061636 0.56208618
10.215 0.060365 0.58428767
10.225 0.059257 0.60608903
10.235 0.058288 0.62752039
10.246 0.057441 0.64864191
10.256 0.0567 0.6694933
10.267 0.056054 0.69010483
10.277 0.055493 0.71050624
10.288 0.055007 0.73071779
10.299 0.05459 0.75077936
10.309 0.054237 0.77071079
10.32 0.053941 0.79053238
10.331 0.053698 0.81025398
10.341 0.053505 0.82990545
10.352 0.053359 0.84950707
10.363 0.053257 0.8690587
10.373 0.053197 0.88859019
10.384 0.053176 0.90811185
10.395 0.053193 0.92763351
10.406 0.053247 0.94718519
10.417 0.053336 0.96675688
10.428 0.053459 0.98636858
10.438 0.053616 1.0060901
10.449 0.053806 1.0257919
10.46 0.054028 1.0455936
10.471 0.054283 1.0654953
10.482 0.054569 1.0854971
10.493 0.054888 1.1056989
10.504 0.055238 1.1259006
10.515 0.05562 1.1463024
10.526 0.056035 1.1668042
10.537 0.056482 1.1875061
10.549 0.056962 1.208408
10.56 0.057477 1.2295099
10.571 0.058026 1.2507117
10.582 0.05861 1.2722136
10.593 0.05923 1.2939155
10.604 0.059888 1.3159174
10.616 0.060585 1.3380195
10.627 0.061321 1.3605214
10.638 0.062098 1.3832233
10.65 0.062918 1.4063254
10.661 0.063783 1.4296274
10.672 0.064694 1.4533293
10.684 0.065654 1.4773315
10.695 0.066664 1.5017335
10.707 0.067727 1.5265357
10.718 0.068847 1.5516377
10.73 0.070025 1.5772399
10.741 0.071264 1.603342
10.753 0.072569 1.6298442
10.764 0.073943 1.6568463
10.776 0.07539 1.6844486
10.787 0.076915 1.7124507
10.799 0.078521 1.741153
10.811 0.080215 1.7704553
10.823 0.082003 1.8003576
10.834 0.083889 1.8309598
10.846 0.085883 1.8622622
10.858 0.08799 1.8943646
10.87 0.090219 1.927167
10.881 0.09258 1.9608692
10.893 0.095082 1.9954716
10.905 0.097737 2.0310741
10.917 0.10056 2.0675765
10.929 0.10356 2.105279
10.941 0.10675 2.1439815
10.953 0.11015 2.183984
10.965 0.11379 2.2251865
10.977 0.11767 2.2678891
10.989 0.12183 2.3119917
11.001 0.1263 2.3576942
11.013 0.1311 2.4050968
11.025 0.13626 2.4541994
11.038 0.14184 2.5054023
11.05 0.14787 2.5587049
11.062 0.1544 2.6142076
11.074 0.1615 2.6722103
11.086 0.16924 2.732913
11.099 0.1777 2.7965159
11.111 0.18698 2.8634187
11.123 0.19718 2.9337214
11.136 0.20844 3.0079244
11.148 0.22092 3.0863272
11.161 0.23482 3.1694303
11.173 0.25036 3.2578331
11.186 0.26783 3.3520362
11.198 0.28758 3.452739
11.211 0.31005 3.5608421
11.223 0.33578 3.677345
11.236 0.36547 3.8033482
11.249 0.40003 3.9402514
11.261 0.44062 4.0898543
11.274 0.48882 4.2540576
11.287 0.54675 4.4356608
11.299 0.61735 4.6375638
11.312 0.70475 4.8637671
11.325 0.81498 5.1190704
11.338 0.95697 5.4094737
11.351 1.1445 5.7419771
11.364 1.3993 6.1240804
11.377 1.7569 6.5611838
11.39 2.2759 7.0478872
11.403 3.0493 7.5432907
11.416 4.1955 7.9062941
11.429 5.7315 7.8024976
11.442 7.249 6.8562011
11.455 8.0532 5.3013046
11.468 8.0628 3.8434082
11.481 7.6846 2.7891118
11.494 7.2118 2.0825153
11.507 6.7588 1.607519
11.521 6.3565 1.2787229
11.534 6.007 1.0434265
11.547 5.7046 0.8697102
11.561 5.4417 0.73775419
11.574 5.2117 0.63511792
11.587 5.009 0.55360167
11.601 4.829 0.48770574
11.614 4.6681 0.43359953
11.628 4.5234 0.38858365
11.641 4.3924 0.3506675
11.655 4.2732 0.31841166
11.669 4.1643 0.29070586
11.682 4.0642 0.26670978
11.696 3.9719 0.24577403
11.71 3.8865 0.2273883
11.723 3.8072 0.21114229
11.737 3.7333 0.19670662
11.751 3.6642 0.18381097
11.765 3.5995 0.17223536
11.779 3.5388 0.16180976
11.792 3.4816 0.15238388
11.806 3.4276 0.14381835
11.82 3.3766 0.13601284
11.834 3.3283 0.12888736
11.848 3.2824 0.1223419
11.862 3.2389 0.11633648
11.876 3.1974 0.11080108
11.891 3.1579 0.10568604
11.905 3.1202 0.1009507
11.919 3.0841 0.096552392
11.933 3.0496 0.09246611
11.947 3.0166 0.088659856
11.962 2.9848 0.085107974
11.976 2.9544 0.08178778
11.99 2.9251 0.078679614
12.005 2.8969 0.075763826
12.019 2.8698 0.073025721
12.034 2.8437 0.070451997
12.048 2.8184 0.068026952
12.063 2.7941 0.065741293
12.077 2.7705 0.063583308
12.092 2.7478 0.061543714
12.107 2.7257 0.059614154
12.121 2.7044 0.057786262
12.136 2.6837 0.056053767
12.151 2.6637 0.054409307
12.165 2.6442 0.052847507
12.18 2.6253 0.051363113
12.195 2.607 0.049949753
12.21 2.5891 0.048604427
12.225 2.5718 0.047322135
12.24 2.5549 0.046099878
12.255 2.5384 0.044932656
12.27 2.5224 0.043817468
12.285 2.5068 0.042752316
12.3 2.4916 0.041733198
12.315 2.4768 0.040758115
12.33 2.4623 0.039824067
12.346 2.4481 0.038930455
12.361 2.4343 0.03807348
12.376 2.4208 0.03725054
12.392 2.4076 0.036462043
12.407 2.3947 0.035704177
12.422 2.382 0.034977346
12.438 2.3697 0.034277965
12.453 2.3576 0.033606208
12.469 2.3457 0.032959906
12.484 2.3341 0.032338223
12.5 2.3227 0.031740001
12.516 2.3115 0.031163819
12.531 2.3006 0.030609249
12.547 2.2898 0.030074147
12.563 2.2793 0.029559087
12.579 2.2689 0.029063068
12.594 2.2587 0.02858365
12.61 2.2488 0.028121711
12.626 2.2389 0.027675814
12.642 2.2293 0.027245959
12.658 2.2198 0.026831145
12.674 2.2105 0.026429374
12.69 2.2013 0.026042644
12.706 2.1923 0.025668957
12.723 2.1834 0.025307772
12.739 2.1746 0.024959172
12.755 2.166 0.024621613
12.771 2.1575 0.024295097
12.788 2.1491 0.023980096
12.804 2.1409 0.023675668
12.821 2.1328 0.023381759
12.837 2.1247 0.023096419
12.853 2.1168 0.022821122
12.87 2.109 0.022554353
12.887 2.1013 0.022297632
12.903 2.0937 0.022048469
12.92 2.0862 0.021807843
12.937 2.0788 0.021574265
12.953 2.0715 0.021349237
12.97 2.0643 0.021131754
12.987 2.0571 0.020921321
13.004 2.0501 0.020716936
13.021 2.0431 0.020520601
13.038 2.0362 0.020330315
13.055 2.0294 0.020146078
13.072 2.0226 0.01996889
13.089 2.016 0.019796752
13.106 2.0093 0.019630664
13.123 2.0028 0.019470625
13.141 1.9963 0.019316167
13.158 1.9899 0.019167231
13.175 1.9836 0.019023344
13.193 1.9773 0.018884048
13.21 1.9711 0.018750264
13.228 1.9649 0.018621076
13.245 1.9588 0.018496396
13.263 1.9527 0.018377318
13.28 1.9467 0.01826174
13.298 1.9407 0.018150772
13.316 1.9348 0.01804386
13.333 1.9289 0.01794144
13.351 1.9231 0.017843638
13.369 1.9173 0.017748893
13.387 1.9116 0.017659204
13.405 1.9059 0.017572573
13.423 1.9002 0.017489998
13.441 1.8946 0.01741048
13.459 1.889 0.017336019
13.477 1.8835 0.017263616
13.495 1.878 0.017195269
13.514 1.8725 0.017131576
13.532 1.8671 0.017069347
13.55 1.8616 0.017011175
13.569 1.8563 0.016957667
13.587 1.8509 0.016905614
13.605 1.8456 0.016856617
13.624 1.8403 0.016812294
13.643 1.835 0.016770036
13.661 1.8298 0.016731218
13.68 1.8245 0.016695085
13.699 1.8193 0.016663015
13.717 1.8142 0.016632377
13.736 1.809 0.016605433
13.755 1.8039 0.016581554
13.774 1.7987 0.016559738
13.793 1.7936 0.016541988
13.812 1.7886 0.016526301
13.831 1.7835 0.016513679
13.85 1.7784 0.016503122
13.87 1.7734 0.01649629
13.889 1.7684 0.016491865
13.908 1.7634 0.016489505
13.928 1.7584 0.01649088
13.947 1.7534 0.016494653
13.966 1.7484 0.016500491
13.986 1.7435 0.016509074
14.006 1.7385 0.016521729
14.025 1.7335 0.016534768
14.045 1.7286 0.016552563
14.065 1.7237 0.01657243
14.085 1.7187 0.016594369
14.104 1.7138 0.016618677
14.124 1.7089 0.016646756
14.144 1.704 0.016676906
14.164 1.699 0.016709129
14.184 1.6941 0.016745423
14.205 1.6892 0.01678451
14.225 1.6843 0.016824951
14.245 1.6794 0.016868465
14.265 1.6745 0.01691405
14.286 1.6695 0.016964442
14.306 1.6646 0.017015174
14.327 1.6597 0.017070721
14.347 1.6548 0.0171276
14.368 1.6498 0.017188301
14.388 1.6449 0.017250328
14.409 1.6399 0.017317183
14.43 1.635 0.017386117
14.451 1.63 0.01745713
14.472 1.625 0.017532222
14.493 1.62 0.017610393
14.514 1.615 0.017690643
14.535 1.61 0.017773971
14.556 1.605 0.017860378
14.577 1.5999 0.017950864
14.599 1.5949 0.018044219
14.62 1.5898 0.018139866
14.641 1.5847 0.018239592
14.663 1.5796 0.018342197
14.684 1.5745 0.018448083
14.706 1.5693 0.018557857
14.728 1.5642 0.018671717
14.749 1.559 0.018787845
14.771 1.5538 0.018907872
14.793 1.5486 0.019031985
14.815 1.5433 0.019160183
14.837 1.538 0.019291466
14.859 1.5327 0.019426835
14.881 1.5274 0.019566289
14.903 1.522 0.019708828
14.925 1.5166 0.019856452
14.948 1.5112 0.020009013
14.97 1.5058 0.02016381
14.993 1.5003 0.020325552
15.015 1.4947 0.020489522
15.038 1.4892 0.020659445
15.06 1.4836 0.020833587
15.083 1.478 0.021012689
15.106 1.4723 0.021196882
15.129 1.4666 0.021386167
15.152 1.4609 0.021580544
15.175 1.4551 0.021780011
15.198 1.4492 0.02198557
15.221 1.4433 0.022196219
15.244 1.4374 0.022412959
15.267 1.4314 0.022635789
15.291 1.4254 0.022865621
15.314 1.4193 0.023100635
15.337 1.4132 0.023341739
15.361 1.407 0.023590855
15.385 1.4008 0.02384707
15.408 1.3945 0.024108449
15.432 1.3881 0.024378853
15.456 1.3817 0.024657354
15.48 1.3752 0.02494295
15.504 1.3687 0.025236643
15.528 1.362 0.025539431
15.552 1.3553 0.025850315
15.576 1.3486 0.026170294
15.601 1.3417 0.026500332
15.625 1.3348 0.026839505
15.649 1.3278 0.027188772
15.674 1.3207 0.027549108
15.699 1.3136 0.027920546
15.723 1.3063 0.028301102
15.748 1.299 0.028695738
15.773 1.2916 0.029101476
15.798 1.284 0.029520313
15.823 1.2764 0.02995325
15.848 1.2687 0.030398287
15.873 1.2608 0.030859424
15.898 1.2529 0.031334659
15.924 1.2448 0.031826008
15.949 1.2366 0.032333443
15.974 1.2283 0.032857977
16 1.2199 0.033401634
16.026 1.2113 0.033963397
16.051 1.2026 0.034545229
16.077 1.1938 0.035147196
16.103 1.1848 0.035772266
16.129 1.1757 0.036420439
16.155 1.1664 0.037091715
16.181 1.1569 0.037790093
16.207 1.1473 0.038514572
16.234 1.1375 0.039268215
16.26 1.1275 0.0400509
16.287 1.1174 0.040867755
16.313 1.107 0.041716643
16.34 1.0964 0.042602709
16.367 1.0856 0.04352688
16.393 1.0746 0.044491071
16.42 1.0633 0.04549945
16.447 1.0518 0.046554933
16.474 1.0401 0.047660519
16.502 1.028 0.048820311
16.529 1.0157 0.050036107
16.556 1.0031 0.051314006
16.584 0.9902 0.052660118
16.611 0.97694 0.054077222
16.639 0.96334 0.055574547
16.667 0.94938 0.057155979
16.694 0.93503 0.058830389
16.722 0.92027 0.060607029
16.75 0.90508 0.062495773
16.779 0.88942 0.064507761
16.807 0.87328 0.066655717
16.835 0.85661 0.068953775
16.863 0.83939 0.071419936
16.892 0.82157 0.074077351
16.92 0.80311 0.076944716
16.949 0.78395 0.080055342
16.978 0.76406 0.083440074
17.007 0.74335 0.087140911
17.036 0.72177 0.091207852
17.065 0.69924 0.095701896
17.094 0.67566 0.10069904
17.123 0.65094 0.10629729
17.153 0.62497 0.11262283
17.182 0.59761 0.11983728
17.212 0.56874 0.12815302
17.241 0.53821 0.13784768
17.271 0.50589 0.14932363
17.301 0.47169 0.16310968
17.331 0.43565 0.17991583
17.361 0.39807 0.20064209
17.391 0.35974 0.22633844
17.422 0.32215 0.25777611
17.452 0.28737 0.29489267
17.483 0.25726 0.33639054
17.513 0.2326 0.38022729
17.544 0.21304 0.42456537
17.575 0.19768 0.46827354
17.606 0.18557 0.51082181
17.637 0.17595 0.55206018
17.668 0.16822 0.59199865
17.699 0.16197 0.63074721
17.73 0.15687 0.66842586
17.762 0.1527 0.70518586
17.794 0.1493 0.74112596
17.825 0.14653 0.7763849
17.857 0.14429 0.81105518
17.889 0.14252 0.84522556
17.921 0.14115 0.87898603
17.953 0.14014 0.91241659
17.986 0.13946 0.94558851
18.018 0.13907 0.97854925
18.051 0.13895 1.0114014
18.083 0.13909 1.0441423
18.116 0.13948 1.0768846
18.149 0.14011 1.1096269
18.182 0.14096 1.1423694
18.215 0.14204 1.1753119
18.248 0.14335 1.2084546
18.282 0.14489 1.2417986
18.315 0.14666 1.2753414
18.349 0.14867 1.3091855
18.382 0.15093 1.3434285
18.416 0.15345 1.3780728
18.45 0.15623 1.4132172
18.484 0.1593 1.4488617
18.519 0.16267 1.4851076
18.553 0.16637 1.5219522
18.587 0.17042 1.5593969
18.622 0.17485 1.597743
18.657 0.17969 1.6368892
18.692 0.18498 1.6769354
18.727 0.19076 1.7179817
18.762 0.19709 1.7601281
18.797 0.20402 1.8034746
18.832 0.21161 1.8481211
18.868 0.21996 1.894169
18.904 0.22915 1.9418169
18.939 0.2393 1.9911636
18.975 0.25052 2.0424117
19.011 0.26297 2.0956598
19.048 0.27684 2.1512094
19.084 0.29233 2.2092576
19.12 0.30972 2.2701059
19.157 0.32931 2.3339556
19.194 0.35151 2.4012054
19.231 0.37679 2.4722552
19.268 0.40574 2.547405
19.305 0.43913 2.6271549
19.342 0.47789 2.7120048
19.38 0.52325 2.8025562
19.417 0.57676 2.8992062
19.455 0.64046 3.0025576
19.493 0.71701 3.113009
19.531 0.80994 3.2305604
19.569 0.92387 3.3547119
19.608 1.0648 3.4836648
19.646 1.2404 3.6135164
19.685 1.4597 3.7361693
19.724 1.7319 3.8375223
19.763 2.062 3.8941752
19.802 2.4434 3.8731282
19.841 2.8463 3.7401812
19.881 3.2157 3.4797356
19.92 3.4904 3.1154886
19.96 3.6367 2.705143
20 3.6623 2.3082974
20.04 3.5995 1.9612518
20.08 3.483 1.6751062
20.121 3.3387 1.446762
20.161 3.1827 1.2675164
20.202 3.024 1.1281722
20.243 2.8669 1.0210279
20.284 2.7133 0.94016365
20.325 2.5635 0.88141937
20.367 2.4172 0.84212643
20.408 2.2736 0.82102211
20.45 2.132 0.81810912
20.492 1.9924 0.83478611
20.534 1.8554 0.87381307
20.576 1.7239 0.93914999
20.619 1.604 1.0351382
20.661 1.5057 1.1640951
20.704 1.4422 1.3237533
20.747 1.4262 1.5061114
20.79 1.4686 1.6982694
20.833 1.5785 1.8833275
20.877 1.7626 2.0364868
20.921 2.0174 2.120546
20.964 2.3116 2.0925039
21.008 2.5782 1.933263
21.053 2.7477 1.6801234
21.097 2.7992 1.4052824
21.142 2.7604 1.1623426
21.186 2.6705 0.96938147
21.231 2.5574 0.82314156
21.277 2.4367 0.71408289
21.322 2.3158 0.6329728
21.368 2.1975 0.57262395
21.413 2.0828 0.52788367
21.459 1.9712 0.49516461
21.505 1.8622 0.47201545
21.552 1.7548 0.45685751
21.598 1.6481 0.44874812
21.645 1.541 0.44725994
21.692 1.4326 0.45250164
21.739 1.3218 0.46509321
21.786 1.208 0.48633465
21.834 1.0906 0.51836726
21.882 0.97035 0.56429973
21.93 0.84992 0.62784206
21.978 0.73519 0.71151424
22.026 0.63392 0.81359627
22.075 0.55144 0.92741943
22.124 0.48778 1.0453324
22.173 0.43969 1.1622953
22.222 0.4034 1.2760579
22.272 0.37585 1.3862217
22.321 0.35485 1.492884
22.371 0.33887 1.5968474
22.422 0.32685 1.6986119
22.472 0.31805 1.7987749
22.523 0.31196 1.897939
22.573 0.30821 1.9967017
22.624 0.30656 2.0956653
22.676 0.30684 2.1952301
22.727 0.30897 2.2959933
22.779 0.31291 2.3984576
22.831 0.31869 2.5031216
22.883 0.32637 2.6105854
22.936 0.33608 2.7213502
22.989 0.348 2.8361148
23.041 0.36239 2.9556778
23.095 0.37957 3.0807431
23.148 0.39999 3.2122069
23.202 0.42422 3.3512716
23.256 0.453 3.4990361
23.31 0.48732 3.6571003
23.364 0.5285 3.8271642
23.419 0.57832 4.011429
23.474 0.63924 4.2122935
23.529 0.71473 4.4331578
23.585 0.80979 4.6777228
23.641 0.93181 4.9505876
23.697 1.0921 5.2570521
23.753 1.3082 5.6022162
23.81 1.6084 5.9885812
23.866 2.0383 6.4090447
23.923 2.6668 6.825809
23.981 3.5734 7.1232741
24.038 4.7457 7.0517378
24.096 5.8588 6.3616022
24.155 6.4054 5.2582673
24.213 6.3301 4.296231
24.272 5.9753 3.7641954
24.331 5.6805 3.6526594
24.39 5.7054 3.7758231
24.45 6.1206 3.7724874
24.51 6.625 3.3470514
24.57 6.8295 2.6474149
24.631 6.7165 2.0010791
24.691 6.4588 1.5257419
24.752 6.1713 1.1966053
24.814 5.8986 0.96706929
24.876 5.6529 0.80236287
24.938 5.4349 0.68041601
25 5.2417 0.58743871
25.063 5.0698 0.51471199
25.126 4.916 0.45656481
25.189 4.7774 0.40919718
25.253 4.6519 0.37001007
25.316 4.5375 0.33713153
25.381 4.4327 0.30921446
25.445 4.3362 0.28528594
25.51 4.247 0.2645679
25.575 4.164 0.24650938
25.641 4.0867 0.2306413
25.707 4.0143 0.21662271
25.773 3.9464 0.20416362
25.84 3.8824 0.19303494
25.907 3.8219 0.18304573
25.974 3.7646 0.17404601
26.042 3.7103 0.16590664
26.11 3.6585 0.15852675
26.178 3.6092 0.15180631
26.247 3.562 0.1456662
26.316 3.5168 0.14005553
26.385 3.4734 0.13491432
26.455 3.4316 0.13018339
26.525 3.3914 0.12582189
26.596 3.3526 0.12181064
26.667 3.3151 0.11809881
26.738 3.2788 0.1146744
26.81 3.2436 0.1115012
26.882 3.2093 0.10856141
26.954 3.176 0.10583702
27.027 3.1436 0.10331081
27.1 3.1119 0.10096798
27.174 3.081 0.098795306
27.248 3.0507 0.096781004
27.322 3.021 0.094915078
27.397 2.9918 0.093188262
27.473 2.9632 0.091593533
27.548 2.935 0.090121437
27.624 2.9072 0.088766414
27.701 2.8797 0.087524442
27.778 2.8525 0.086388807
27.855 2.8257 0.085355512
27.933 2.799 0.084422232
28.011 2.7725 0.08358428
28.09 2.7462 0.082841314
28.169 2.7199 0.082190664
28.249 2.6938 0.081630972
28.329 2.6676 0.081160587
28.409 2.6414 0.080779511
28.49 2.6152 0.080489359
28.571 2.5888 0.080290506
28.653 2.5623 0.080183551
28.736 2.5356 0.080172471
28.818 2.5087 0.080258091
28.902 2.4814 0.080445145
28.986 2.4538 0.080737467
29.07 2.4258 0.081140061
29.155 2.3973 0.081660475
29.24 2.3682 0.082305154
29.326 2.3386 0.083083626
29.412 2.3082 0.084006357
29.499 2.2771 0.085085857
29.586 2.2451 0.086336609
29.674 2.2122 0.087777107
29.762 2.1782 0.08942485
29.851 2.1429 0.091307318
29.94 2.1063 0.093451025
30.03 2.0682 0.095893434
30.12 2.0283 0.098674079
30.211 1.9866 0.1018464
30.303 1.9426 0.10547339
30.395 1.8963 0.1096336
30.488 1.8471 0.11442845
30.581 1.7948 0.11998252
30.675 1.7387 0.12647021
30.769 1.6785 0.13409712
30.864 1.6132 0.14318363
30.96 1.5421 0.15414973
31.056 1.4639 0.16759504
31.153 1.3772 0.18444991
31.25 1.28 0.20620399
31.348 1.1696 0.23533763
31.447 1.0426 0.2764408
31.546 0.89549 0.33858318
31.646 0.72954 0.43961507
31.746 0.56853 0.60145617
31.847 0.45519 0.80993678
31.949 0.39275 1.0245069
32.051 0.36143 1.2305362
32.154 0.34904 1.429265
32.258 0.35085 1.6244932
32.362 0.36663 1.8196206
32.468 0.40003 2.0163478
32.573 0.45907 2.2110739
32.68 0.55238 2.3850997
32.787 0.65924 2.4960246
32.895 0.6891 2.547949
33.003 0.62021 2.6620726
33.113 0.55255 2.8789958
33.223 0.52814 3.1544182
33.333 0.54218 3.4656398
33.445 0.5887 3.812661
33.557 0.66938 4.2062814
33.67 0.79505 4.6643011
33.784 0.99027 5.2129203
33.898 1.3071 5.8901386
34.014 1.8625 6.7447564
34.13 2.9409 7.7871735
34.247 5.1558 8.6090898
34.364 8.2872 7.3471054
34.483 9.1482 4.3071205
34.602 8.3613 2.4318348
34.722 7.4962 1.5272484
34.843 6.8124 1.0552613
34.965 6.2848 0.78272354
35.088 5.8685 0.61259509
35.211 5.5299 0.50087587
35.336 5.2455 0.42599604
35.461 4.9984 0.37742544
35.587 4.7751 0.35153414
35.714 4.5635 0.35197214
35.842 4.3522 0.39628944
35.971 4.1453 0.53933603
36.101 4.0882 0.88928191
36.232 4.5597 1.0733571
36.364 4.7827 0.65164152
36.496 4.6464 0.37857523
36.63 4.4906 0.25871824
36.765 4.3624 0.19901053
36.9 4.2575 0.16451209
37.037 4.1692 0.14214294
37.175 4.093 0.12637306
37.313 4.0259 0.11455046
37.453 3.966 0.10528414
37.594 3.9118 0.097768083
37.736 3.8624 0.091515304
37.879 3.817 0.086206801
38.023 3.775 0.081629573
38.168 3.7359 0.077631622
38.314 3.6995 0.07410295
38.462 3.6653 0.070961513
38.61 3.6332 0.068144401
38.76 3.603 0.065600518
38.911 3.5744 0.063292915
39.062 3.5473 0.061187658
39.216 3.5216 0.059258559
39.37 3.4972 0.057485813
39.526 3.4739 0.055848284
39.683 3.4516 0.054334045
39.841 3.4304 0.052927099
40 3.4101 0.051616452
40.161 3.3906 0.050394016
40.323 3.3719 0.049249882
40.486 3.3539 0.048177054
40.65 3.3367 0.047168539
40.816 3.3201 0.046219236
40.984 3.304 0.045323141
41.152 3.2886 0.044477476
41.322 3.2737 0.043676026
41.494 3.2593 0.042916788
41.667 3.2454 0.042195882
41.841 3.2319 0.041510316
42.017 3.2189 0.040856968
42.194 3.2063 0.04023397
42.373 3.194 0.039639194
42.553 3.1822 0.039070779
42.735 3.1706 0.038527592
42.918 3.1594 0.038005777
43.103 3.1486 0.037505198
43.29 3.138 0.037024856
43.478 3.1277 0.036562903
43.668 3.1177 0.036118196
43.86 3.1079 0.035689739
44.053 3.0984 0.03527569
44.248 3.0892 0.034876902
44.444 3.0802 0.034491539
44.643 3.0714 0.034118284
44.843 3.0628 0.033757468
45.045 3.0544 0.033407933
45.249 3.0462 0.033068685
45.455 3.0383 0.032739729
45.662 3.0305 0.032420244
45.872 3.0228 0.032109893
46.083 3.0154 0.031808029
46.296 3.0081 0.031513486
46.512 3.0009 0.031227092
46.729 2.994 0.030948212
46.948 2.9871 0.030675675
47.17 2.9804 0.030409307
47.393 2.9739 0.03014948
47.619 2.9675 0.029895836
47.847 2.9612 0.029647567
48.077 2.955 0.029404683
48.309 2.949 0.029166191
48.544 2.943 0.028932913
48.78 2.9372 0.028704236
49.02 2.9315 0.028480601
49.261 2.9259 0.028260586
49.505 2.9205 0.028043821
49.751 2.9151 0.027831507
50 2.9098 0.027622962
50.251 2.9046 0.027417688
50.505 2.8995 0.027215702
50.761 2.8945 0.02701701
51.02 2.8896 0.026821128
51.282 2.8847 0.026628166
51.546 2.88 0.026438031
51.813 2.8753 0.026250439
52.083 2.8707 0.026065402
52.356 2.8662 0.025882731
52.632 2.8618 0.025702238
52.91 2.8574 0.025524232
53.191 2.8531 0.025348329
53.476 2.8489 0.025174245
53.763 2.8447 0.025002286
54.054 2.8406 0.024832073
54.348 2.8366 0.024663615
54.645 2.8327 0.024496926
54.945 2.8288 0.02433192
55.249 2.8249 0.024168314
55.556 2.8211 0.024006319
55.866 2.8174 0.023845848
56.18 2.8138 0.023686623
56.497 2.8102 0.023528952
56.818 2.8066 0.023372356
57.143 2.8031 0.023216952
57.471 2.7997 0.023062948
57.803 2.7963 0.022909867
58.14 2.7929 0.022757734
58.48 2.7896 0.02260685
58.824 2.7864 0.022456938
59.172 2.7832 0.022308017
59.524 2.78 0.022160003
59.88 2.7769 0.022012913
60.241 2.7738 0.021866579
60.606 2.7708 0.021721005
60.976 2.7678 0.021576225
61.35 2.7649 0.021432242
61.728 2.762 0.021289075
62.112 2.7591 0.021146476
62.5 2.7563 0.02100453
62.893 2.7536 0.020863277
63.291 2.7508 0.020722635
63.694 2.7481 0.020582525
64.103 2.7454 0.020442893
64.516 2.7428 0.020303912
64.935 2.7402 0.020165451
65.359 2.7377 0.020027507
65.789 2.7351 0.019890029
66.225 2.7327 0.01975284
66.667 2.7302 0.019616166
67.114 2.7278 0.019479998
67.568 2.7254 0.019344122
68.027 2.723 0.019208797
68.493 2.7207 0.019073615
68.966 2.7184 0.018938803
69.444 2.7161 0.018804612
69.93 2.7139 0.01867048
70.423 2.7117 0.018536598
70.922 2.7095 0.018403251
71.429 2.7074 0.018269948
71.942 2.7052 0.01813723
72.464 2.7031 0.01800446
72.993 2.7011 0.017871977
73.529 2.699 0.017739906
74.074 2.697 0.017607876
74.627 2.695 0.017476068
75.188 2.6931 0.017344511
75.758 2.6911 0.017213192
76.336 2.6892 0.017081986
76.923 2.6873 0.01695108
77.519 2.6855 0.016820208
78.125 2.6836 0.016689464
78.74 2.6818 0.01655902
79.365 2.68 0.016428573
80 2.6783 0.01629836
80.645 2.6765 0.016168215
81.301 2.6748 0.016038142
81.967 2.6731 0.01590831
82.645 2.6714 0.015778398
83.333 2.6698 0.0156488
84.034 2.6681 0.015519175
84.746 2.6665 0.015389615
85.47 2.6649 0.015260236
86.207 2.6634 0.015130856
86.957 2.6618 0.015001522
87.719 2.6603 0.014872491
88.496 2.6588 0.014743258
89.286 2.6573 0.014614101
90.09 2.6558 0.014485148
90.909 2.6544 0.014356134
91.743 2.6529 0.014227208
92.593 2.6515 0.014098211
93.458 2.6501 0.013969398
94.34 2.6487 0.01384051
95.238 2.6474 0.013711799
96.154 2.646 0.013582916
97.087 2.6447 0.013454213
98.039 2.6434 0.013325448
99.01 2.6421 0.013196677
100 2.6409 0.013067959
101.01 2.6396 0.012939255
102.04 2.6384 0.012810625
103.09 2.6372 0.012682124
104.17 2.636 0.012552935
105.26 2.6348 0.012424773
106.38 2.6336 0.012296059
107.53 2.6324 0.012166789
108.7 2.6313 0.012037967
109.89 2.6302 0.011909639
111.11 2.6291 0.011780968
112.36 2.628 0.011652142
113.64 2.6269 0.011523145
114.94 2.6259 0.011394793
116.28 2.6248 0.011265681
117.65 2.6238 0.011136736
119.05 2.6228 0.011007932
120.48 2.6218 0.010879338
121.95 2.6208 0.010750362
123.46 2.6198 0.010621113
125 2.6189 0.010492426
126.58 2.618 0.010363542
128.21 2.617 0.010234055
129.87 2.6161 0.010105279
131.58 2.6152 0.0099761111
133.33 2.6143 0.0098472387
135.14 2.6135 0.009717547
136.99 2.6126 0.0095884627
138.89 2.6118 0.0094593364
140.85 2.611 0.0093298675
142.86 2.6101 0.0092005918
144.93 2.6093 0.0090712241
147.06 2.6086 0.0089418937
149.25 2.6078 0.0088126239
151.52 2.607 0.0086826455
153.85 2.6063 0.0085532045
156.25 2.6055 0.0084236857
158.73 2.6048 0.0082940157
161.29 2.6041 0.0081643558
163.93 2.6034 0.0080347584
166.67 2.6027 0.0079046268
169.49 2.6021 0.0077748825
172.41 2.6014 0.0076450561
175.44 2.6008 0.0075148949
178.57 2.6001 0.0073850292
181.82 2.5995 0.0072547919
185.19 2.5989 0.0071245965
188.68 2.5983 0.0069944431
192.31 2.5977 0.0068641543
196.08 2.5972 0.0067338644
200 2.5966 0.0066035301
204.08 2.5961 0.0064732316
208.33 2.5955 0.006342771
212.77 2.595 0.0062120379
217.39 2.5945 0.0060815451
222.22 2.594 0.0059508931
227.27 2.5935 0.0058201781
232.56 2.593 0.0056893116
238.1 2.5926 0.0055583354
243.9 2.5921 0.0054275866
250 2.5917 0.0052965665
256.41 2.5912 0.0051655302
263.16 2.5908 0.0050343813
270.27 2.5904 0.0049032449
277.78 2.59 0.0047719791
285.71 2.5896 0.004640758
294.12 2.5893 0.00450931
303.03 2.5889 0.0043779063
312.5 2.5885 0.0042463949
322.58 2.5882 0.0041148336
333.33 2.5879 0.003983223
344.83 2.5876 0.0038514659
357.14 2.5872 0.0037197338
370.37 2.587 0.003587871
384.62 2.5867 0.003455921
400 2.5864 0.0033239708
416.67 2.5861 0.0031918874
434.78 2.5859 0.0030598032
454.55 2.5856 0.0029275587
476.19 2.5854 0.0027953149
500 2.5852 0.0026629699
526.32 2.585 0.0025305394
555.56 2.5848 0.0023980464
588.24 2.5846 0.002265485
625 2.5844 0.0021328606
666.67 2.5843 0.0020001377
714.29 2.5841 0.0018673477
769.23 2.584 0.0017344866
833.33 2.5838 0.0016015472
909.09 2.5837 0.00146852
1000 2.5836 0.0013354268

