0.08 1.2095608 0.91175142
0.081 1.2364706 0.91336647
0.082 1.2601208 0.90907031
0.083 1.2834766 0.89965109
0.084 1.2949497 0.88385058
0.085 1.3048543 0.86784959
0.086 1.3090047 0.86078241
0.087 1.3066762 0.86175722
0.088 1.3055446 0.87152701
0.089 1.3056346 0.88902542
0.09 1.3102837 0.90709207
0.091 1.327033 0.92497452
0.092 1.3561295 0.93384338
0.093 1.3944608 0.94271223
0.094 1.4176017 0.9445526
0.095 1.4402352 0.94244914
0.096 1.4586792 0.94296743
0.097 1.4720787 0.94664269
0.098 1.4854781 0.95122441
0.099 1.5101997 0.95663668
0.1 1.5419271 0.95899347
0.101 1.573607 0.95495032
0.102 1.6052083 0.95073044
0.103 1.6368096 0.93898994
0.104 1.6628971 0.92724944
0.105 1.6878759 0.91123281
0.106 1.709432 0.88901365
0.107 1.7250719 0.8667945
0.108 1.7407117 0.84381768
0.109 1.7519841 0.81986741
0.11 1.754617 0.80555454
0.111 1.7572499 0.79613681
0.112 1.7598828 0.78671907
0.113 1.7624037 0.78028696
0.114 1.7648646 0.77808138
0.115 1.7673255 0.77587581
0.116 1.7697864 0.77367024
0.117 1.7808224 0.76994892
0.118 1.7953603 0.760064
0.119 1.8100243 0.75017908
0.12 1.8257848 0.73752559
0.121 1.8415453 0.72275878
0.122 1.8568538 0.70799197
0.123 1.8678838 0.6928755
0.124 1.8789139 0.67745301
0.125 1.8811403 0.66203053
0.126 1.8752648 0.64633309
0.127 1.8691569 0.63061596
0.128 1.8615979 0.63015527
0.129 1.8540388 0.63274089
0.13 1.8470044 0.63909728
0.131 1.8574495 0.64554189
0.132 1.8678945 0.64633154
0.133 1.8793687 0.63871255
0.134 1.8911676 0.62644809
0.135 1.8911837 0.61756746
0.136 1.887303 0.60980595
0.137 1.8821315 0.60640994
0.138 1.8743308 0.61190693
0.139 1.86653 0.62149898
0.14 1.8587293 0.6502715
0.141 1.8726683 0.68845928
0.142 1.8953059 0.71682508
0.143 1.9363466 0.73323769
0.144 1.9810926 0.73553549
0.145 2.0394406 0.73783329
0.146 2.1049337 0.72383577
0.147 2.1575272 0.66646649
0.148 2.1972678 0.59914068
0.149 2.2304074 0.52709024
0.15 2.2396888 0.40832334
0.151 2.2489702 0.26140798
0.152 2.2493389 0.15993038
0.153 2.240446 0.074176614
0.154 2.2315531 0.042088307
0.155 2.2114548 0.01
0.156 2.1893454 0.003
0.157 2.167236 0.001
0.158 2.1507178 0.0003
0.159 2.1372691 0.0001
0.16 2.1238204 4e-05
0.161 2.1103717 2e-05
0.162 2.0969229 1.2e-05
0.163 2.0848602 9e-06
0.164 2.0755299 7e-06
0.165 2.0661997 6e-06
0.166 2.0568694 5.5e-06
0.167 2.0475391 5.2e-06
0.168 2.0382089 4.900004e-06
0.169 2.0291044 4.6781661e-06
0.17 2.0216532 4.5359187e-06
0.171 2.014202 4.4007723e-06
0.172 2.0067508 4.2772632e-06
0.173 1.9992996 4.1643041e-06
0.174 1.9918484 4.0587474e-06
0.175 1.9843973 3.9498162e-06
0.176 1.9777673 3.8522418e-06
0.177 1.9723197 3.7595375e-06
0.178 1.9668721 3.6654336e-06
0.179 1.9614245 3.5760902e-06
0.18 1.9559769 3.4930212e-06
0.181 1.9505293 3.4262193e-06
0.182 1.9450817 3.3534931e-06
0.183 1.9396342 3.2883952e-06
0.184 1.9341866 3.2387843e-06
0.185 1.929039 3.1769899e-06
0.186 1.9248873 3.126018e-06
0.187 1.9207357 3.1014485e-06
0.188 1.916584 3.0764095e-06
0.189 1.9124324 3.0520637e-06
0.19 1.9082807 3.0397182e-06
0.191 1.9041291 3.0222808e-06
0.192 1.8999774 2.9941766e-06
0.193 1.8958258 2.9768491e-06
0.194 1.8916741 2.9536362e-06
0.195 1.8875225 2.923465e-06
0.196 1.8833708 2.8780204e-06
0.197 1.8792192 2.8281163e-06
0.198 1.8750675 2.7719467e-06
0.199 1.8709159 2.696638e-06
0.2 1.8667642 2.6137057e-06
0.201 1.8626126 2.52149e-06
0.202 1.8590004 2.4137476e-06
0.203 1.856304 2.2957869e-06
0.204 1.8536076 2.1745371e-06
0.205 1.8509112 2.0501733e-06
0.206 1.8482148 1.9128652e-06
0.207 1.8455184 1.7870308e-06
0.208 1.842822 1.671759e-06
0.209 1.8401256 1.5519419e-06
0.21 1.8374291 1.4283282e-06
0.211 1.8347327 1.3259327e-06
0.212 1.8320363 1.2178962e-06
0.213 1.8293399 1.1177399e-06
0.214 1.8266435 1.0372371e-06
0.215 1.8239471 9.596041e-07
0.216 1.8212507 8.9228147e-07
0.217 1.8185543 8.2593477e-07
0.218 1.8158579 7.5819913e-07
0.219 1.8131615 7.1239849e-07
0.22 1.8104651 6.6571944e-07
0.221 1.8077687 6.2341779e-07
0.222 1.8050722 5.7279115e-07
0.223 1.8023758 5.3045068e-07
0.224 1.7996794 5.0309255e-07
0.225 1.796983 4.7643668e-07
0.226 1.7942866 4.4599881e-07
0.227 1.7915902 4.2056763e-07
0.228 1.7893389 3.8777782e-07
0.229 1.7877273 3.5440644e-07
0.23 1.7861157 3.2737709e-07
0.231 1.7845041 3.0608884e-07
0.232 1.7828926 2.8545435e-07
0.233 1.781281 2.7220501e-07
0.234 1.7796694 2.6257873e-07
0.235 1.7780579 2.2865731e-07
0.236 1.7764463 2.0020163e-07
0.237 1.7748347 1.8490476e-07
0.238 1.7732231 1.8064278e-07
0.239 1.7716116 1.6687881e-07
0.24 1.77 1.4895221e-07
0.241 1.7686667 1.4298935e-07
0.242 1.7673333 1.3690927e-07
0.243 1.766 1.1816196e-07
0.244 1.7646667 9.8240334e-08
0.245 1.7633333 9.3315463e-08
0.246 1.762 8.6298924e-08
0.247 1.7606667 7.9973321e-08
0.248 1.7593333 6.6150945e-08
0.249 1.758 5.5324243e-08
0.25 1.7566667 5.3625624e-08
0.26 1.7442 0
0.27 1.7334074 0
0.28 1.7243589 0
0.29 1.7160196 0
0.3 1.7088 0
0.31 1.7027 0
0.32 1.6973242 0
0.33 1.6925727 0
0.34 1.6886018 0
0.35 1.6856345 0
0.36 1.6826673 0
0.37 1.6797 0
0.38 1.6773667 0
0.39 1.6750333 0
0.4 1.6727 0
0.41 1.6709689 0
0.42 1.6692379 0
0.43 1.6675068 0
0.44 1.666128 0
0.45 1.6650567 0
0.46 1.6639853 0
0.47 1.662914 0
0.48 1.6618427 0
0.49 1.6607713 0
0.5 1.6597 0
0.51 1.6589 0
0.52 1.6581 0
0.53 1.6573 0
0.54 1.6565 0
0.55 1.6557 0
0.56 1.6550995 0
0.57 1.654499 0
0.58 1.6538984 0
0.59 1.6532979 0
0.6 1.6526974 0
0.61 1.6520969 0
0.62 1.6515943 0
0.63 1.6512825 0
0.64 1.6509707 0
0.65 1.6506589 0
0.66 1.6503471 0
0.67 1.6500353 0
0.68 1.6497236 0
0.69 1.6494118 0
0.7 1.6491 0
0.71 1.64891 0
0.72 1.64872 0
0.73 1.64853 0
0.74 1.64834 0
0.75 1.64815 0
0.76 1.64796 0
0.77 1.64777 0
0.78 1.64758 0
0.79 1.64739 0
0.8 1.6472 0
0.81 1.64703 0
0.82 1.64686 0
0.83 1.64669 0
0.84 1.64652 0
0.85 1.64635 0
0.86 1.64618 0
0.87 1.64601 0
0.88 1.64584 0
0.89 1.64567 0
0.9 1.6455 0
0.91 1.64535 0
0.92 1.6452 0
0.93 1.64505 0
0.94 1.6449 0
0.95 1.64475 0
0.96 1.6446 0
0.97 1.64445 0
0.98 1.6443 0
0.99 1.64415 0
1 1.644 0
1.01 1.64387 0
1.02 1.64374 0
1.03 1.64361 0
1.04 1.64348 0
1.05 1.64335 0
1.06 1.64322 0
1.07 1.64309 0
1.08 1.64296 0
1.09 1.64283 0
1.1 1.6427 0
1.11 1.6426249 0
1.12 1.6425499 0
1.13 1.6424748 0
1.14 1.6423997 0
1.15 1.6423247 0
1.16 1.6422496 0
1.17 1.6421745 0
1.18 1.6420995 0
1.19 1.6420244 0
1.2 1.6419493 0
1.21 1.6418743 0
1.22 1.6417992 0
1.23 1.6417242 0
1.24 1.6416491 0
1.25 1.641574 0
1.26 1.6415 0
1.27 1.6414 0
1.28 1.6413 0
1.29 1.6412 0
1.3 1.6412 0
1.31 1.6411 0
1.32 1.641 0
1.33 1.6409 0
1.34 1.6408 0
1.35 1.6408 0
1.36 1.6407 0
1.37 1.6406 0
1.38 1.6405 0
1.39 1.6404 0
1.4 1.6403 0
1.41 1.6403 0
1.42 1.6402 0
1.43 1.6401 0
1.44 1.64 0
1.45 1.6399 0
1.46 1.6398 0
1.47 1.6397 0
1.48 1.6397 0
1.49 1.6396 0
1.5 1.6395 0
1.51 1.6394 0
1.52 1.6393 0
1.53 1.6392 0
1.54 1.6391 0
1.55 1.639 0
1.56 1.6389 0
1.57 1.6388 0
1.58 1.6387 0
1.59 1.6386 0
1.6 1.6385 0
1.61 1.6384 0
1.62 1.6383 0
1.63 1.6382 0
1.64 1.6381 0
1.65 1.638 0
1.66 1.6379 0
1.67 1.6378 0
1.68 1.6377 0
1.69 1.6376 0
1.7 1.6375 0
1.71 1.6374 0
1.72 1.6373 0
1.73 1.6372 0
1.74 1.6371 0
1.75 1.637 0
1.76 1.6369 0
1.77 1.6368 0
1.78 1.6367 0
1.79 1.6366 0
1.8 1.6365 0
1.81 1.6363 0
1.82 1.6362 0
1.83 1.6361 0
1.84 1.636 0
1.85 1.6359 0
1.86 1.6358 0
1.87 1.6357 0
1.88 1.6356 0
1.89 1.6354 0
1.9 1.6353 0
1.91 1.6352 0
1.92 1.6351 0
1.93 1.635 0
1.94 1.6348 0
1.95 1.6347 0
1.96 1.6346 0
1.97 1.6345 0
1.98 1.6344 0
1.99 1.6342 0
2 1.6341 0
2.01 1.634 0
2.02 1.6339 0
2.03 1.6337 0
2.04 1.6336 0
2.05 1.6335 0
2.06 1.6334 0
2.07 1.6332 0
2.08 1.6331 0
2.09 1.633 0
2.1 1.6328 0
2.11 1.6327 0
2.12 1.6326 0
2.13 1.6324 0
2.14 1.6323 0
2.15 1.6322 0
2.16 1.632 0
2.17 1.6319 0
2.18 1.6318 0
2.19 1.6316 0
2.2 1.6315 0
2.21 1.6314 0
2.22 1.6312 0
2.23 1.6311 0
2.24 1.6309 0
2.25 1.6308 0
2.26 1.6307 0
2.27 1.6305 0
2.28 1.6304 0
2.29 1.6302 0
2.3 1.6301 0
2.31 1.63 0
2.32 1.6298 0
2.33 1.6297 0
2.34 1.6295 0
2.35 1.6294 0
2.36 1.6292 0
2.37 1.6291 0
2.38 1.6289 0
2.39 1.6288 0
2.4 1.6286 0
2.41 1.6285 0
2.42 1.6283 0
2.43 1.6282 0
2.44 1.628 0
2.45 1.6278 0
2.46 1.6277 0
2.47 1.6275 0
2.48 1.6274 0
2.49 1.6272 0
2.5 1.6271 0
2.51 1.6269 0
2.52 1.6267 0
2.53 1.6266 0
2.54 1.6264 0
2.55 1.6263 0
2.56 1.6261 0
2.57 1.6259 0
2.58 1.6258 0
2.59 1.6256 0
2.6 1.6254 0
2.61 1.6253 0
2.62 1.6251 0
2.63 1.6249 0
2.64 1.6248 0
2.65 1.6246 0
2.66 1.6244 0
2.67 1.6243 0
2.68 1.6241 0
2.69 1.6239 0
2.7 1.6237 0
2.71 1.6236 0
2.72 1.6234 0
2.73 1.6232 0
2.74 1.623 0
2.75 1.6229 0
2.76 1.6227 0
2.77 1.6225 0
2.78 1.6223 0
2.79 1.6222 0
2.8 1.622 0
2.81 1.6218 0
2.82 1.6216 0
2.83 1.6214 0
2.84 1.6212 0
2.85 1.6211 0
2.86 1.6209 0
2.87 1.6207 0
2.88 1.6205 0
2.89 1.6203 0
2.9 1.6201 0
2.91 1.6199 0
2.92 1.6197 0
2.93 1.6196 0
2.94 1.6194 0
2.95 1.6192 0
2.96 1.619 0
2.97 1.6188 0
2.98 1.6186 0
2.99 1.6184 0
3 1.6182 0
3.01 1.618 0
3.02 1.6178 0
3.03 1.6176 0
3.04 1.6174 0
3.05 1.6172 0
3.06 1.617 0
3.07 1.6168 0
3.08 1.6166 0
3.09 1.6164 1.2223321e-07
3.1 1.6162 1.7650068e-07
3.11 1.616 1.688209e-07
3.12 1.6158 1.4549151e-07
3.13 1.6156 1.2566563e-07
3.14 1.6154 1.4002473e-07
3.15 1.6151 2.1469689e-07
3.16 1.6149 2.2937152e-07
3.17 1.6147 2.0832043e-07
3.18 1.6145 1.5729439e-07
3.19 1.6143 1.7332335e-07
3.2 1.6141 2.1051044e-07
3.21 1.6139 2.7497077e-07
3.22 1.6137 2.8341088e-07
3.23 1.6135 2.5372642e-07
3.24 1.6132 2.4363878e-07
3.25 1.613 2.6170271e-07
3.26 1.6128 3.2187933e-07
3.27 1.6126 3.9126748e-07
3.28 1.6124 4.0358279e-07
3.29 1.6121 3.7230681e-07
3.3 1.6119 3.8429922e-07
3.31 1.6117 4.3637682e-07
3.32 1.6115 5.2370726e-07
3.33 1.6113 5.7431344e-07
3.34 1.611 6.0768498e-07
3.35 1.6108 5.9670912e-07
3.36 1.6106 6.1853376e-07
3.37 1.6103 7.110933e-07
3.38 1.6101 8.4538305e-07
3.39 1.6099 9.2034675e-07
3.4 1.6097 9.7908129e-07
3.41 1.6094 1.0590846e-06
3.42 1.6092 1.1542247e-06
3.43 1.609 1.2471598e-06
3.44 1.6087 1.4025941e-06
3.45 1.6085 1.5836712e-06
3.46 1.6083 1.7361106e-06
3.47 1.608 1.9159198e-06
3.48 1.6078 2.161577e-06
3.49 1.6076 2.4819439e-06
3.5 1.6073 2.9163501e-06
3.51 1.6071 3.3972044e-06
3.52 1.6068 3.8887412e-06
3.53 1.6066 4.4350167e-06
3.54 1.6064 5.070102e-06
3.55 1.6061 5.8114146e-06
3.56 1.6059 6.6809909e-06
3.57 1.6056 7.7045071e-06
3.58 1.6054 8.8569012e-06
3.59 1.6051 1.0129809e-05
3.6 1.6049 1.1540318e-05
3.61 1.6046 1.3110314e-05
3.62 1.6044 1.4805611e-05
3.63 1.6041 1.6378212e-05
3.64 1.6039 1.7302621e-05
3.65 1.6036 1.7443227e-05
3.66 1.6034 1.715671e-05
3.67 1.6031 1.6911475e-05
3.68 1.6029 1.6936819e-05
3.69 1.6026 1.7187329e-05
3.7 1.6024 1.7429251e-05
3.71 1.6021 1.7485905e-05
3.72 1.6018 1.7519632e-05
3.73 1.6016 1.7791981e-05
3.74 1.6013 1.8507093e-05
3.75 1.6011 1.9771716e-05
3.76 1.6008 2.1413756e-05
3.77 1.6005 2.3426691e-05
3.78 1.6003 2.5972894e-05
3.79 1.6 2.8674047e-05
3.8 1.5997 3.0977954e-05
3.81 1.5995 3.278831e-05
3.82 1.5992 3.3616035e-05
3.83 1.5989 3.3016232e-05
3.84 1.5987 3.1316035e-05
3.85 1.5984 2.9313766e-05
3.86 1.5981 2.744295e-05
3.87 1.5978 2.518467e-05
3.88 1.5976 2.2184314e-05
3.89 1.5973 1.9169871e-05
3.9 1.597 1.6482004e-05
3.91 1.5967 1.3885383e-05
3.92 1.5965 1.1418699e-05
3.93 1.5962 9.3574779e-06
3.94 1.5959 7.8414553e-06
3.95 1.5956 6.7817359e-06
3.96 1.5953 6.0809869e-06
3.97 1.5951 5.6572263e-06
3.98 1.5948 5.4472945e-06
3.99 1.5945 5.3557525e-06
4 1.5942 5.3517684e-06
4.01 1.5939 5.364048e-06
4.02 1.5936 5.3738701e-06
4.03 1.5933 5.3947212e-06
4.04 1.593 5.4742705e-06
4.05 1.5928 5.6395357e-06
4.06 1.5925 5.894014e-06
4.07 1.5922 6.2124228e-06
4.08 1.5919 6.5586329e-06
4.09 1.5916 6.9184432e-06
4.1 1.5913 7.3139431e-06
4.11 1.591 7.7768161e-06
4.12 1.5907 8.3436338e-06
4.13 1.5904 9.0355602e-06
4.14 1.5901 9.8310472e-06
4.15 1.5898 1.0689528e-05
4.16 1.5895 1.1542117e-05
4.17 1.5892 1.2308225e-05
4.18 1.5889 1.2938965e-05
4.19 1.5886 1.3423956e-05
4.2 1.5883 1.3814729e-05
4.21 1.5879 1.418257e-05
4.22 1.5876 1.461689e-05
4.23 1.5873 1.5121219e-05
4.24 1.587 1.5632655e-05
4.25 1.5867 1.6092291e-05
4.26 1.5864 1.6506558e-05
4.27 1.5861 1.6896028e-05
4.28 1.5858 1.7211091e-05
4.29 1.5854 1.7469823e-05
4.3 1.5851 1.7748025e-05
4.31 1.5848 1.8105202e-05
4.32 1.5845 1.8563622e-05
4.33 1.5842 1.9126553e-05
4.34 1.5838 1.975466e-05
4.35 1.5835 2.0381412e-05
4.36 1.5832 2.0993206e-05
4.37 1.5829 2.1597701e-05
4.38 1.5825 2.2221991e-05
4.39 1.5822 2.2883637e-05
4.4 1.5819 2.3604195e-05
4.41 1.5815 2.4365313e-05
4.42 1.5812 2.5122717e-05
4.43 1.5809 2.5825042e-05
4.44 1.5806 2.642769e-05
4.45 1.5802 2.7010408e-05
4.46 1.5799 2.7680369e-05
4.47 1.5795 2.8445541e-05
4.48 1.5792 2.9273217e-05
4.49 1.5789 3.0134159e-05
4.5 1.5785 3.1000793e-05
4.51 1.5782 3.1909848e-05
4.52 1.5778 3.289113e-05
4.53 1.5775 3.3962188e-05
4.54 1.5771 3.5095351e-05
4.55 1.5768 3.6223651e-05
4.56 1.5764 3.7312468e-05
4.57 1.5761 3.8359763e-05
4.58 1.5757 3.9341412e-05
4.59 1.5754 4.0235455e-05
4.6 1.575 4.1064369e-05
4.61 1.5747 4.1819837e-05
4.62 1.5743 4.2538236e-05
4.63 1.574 4.3197503e-05
4.64 1.5736 4.377326e-05
4.65 1.5733 4.4288949e-05
4.66 1.5729 4.47379e-05
4.67 1.5725 4.5211772e-05
4.68 1.5722 4.5820818e-05
4.69 1.5718 4.6579602e-05
4.7 1.5714 4.7382063e-05
4.71 1.5711 4.810003e-05
4.72 1.5707 4.8705999e-05
4.73 1.5703 4.9211682e-05
4.74 1.57 4.9669838e-05
4.75 1.5696 5.0202779e-05
4.76 1.5692 5.0889347e-05
4.77 1.5688 5.1703548e-05
4.78 1.5685 5.2615734e-05
4.79 1.5681 5.3645816e-05
4.8 1.5677 5.4738314e-05
4.81 1.5673 5.5964585e-05
4.82 1.567 5.7452644e-05
4.83 1.5666 5.930773e-05
4.84 1.5662 6.1756751e-05
4.85 1.5658 6.5003594e-05
4.86 1.5654 6.9064876e-05
4.87 1.565 7.3825123e-05
4.88 1.5646 7.8985194e-05
4.89 1.5642 8.4323712e-05
4.9 1.5639 8.9841429e-05
4.91 1.5635 9.5269307e-05
4.92 1.5631 9.9694516e-05
4.93 1.5627 0.00010272365
4.94 1.5623 0.00010534182
4.95 1.5619 0.000108411
4.96 1.5615 0.00011215556
4.97 1.5611 0.00011659634
4.98 1.5607 0.00012156226
4.99 1.5603 0.00012729185
5 1.5599 0.00013400999
5.01 1.5595 0.00014237872
5.02 1.559 0.00015253423
5.03 1.5586 0.0001650138
5.04 1.5582 0.00018073326
5.05 1.5578 0.00020061184
5.06 1.5574 0.00022531744
5.07 1.557 0.000255
5.08 1.5566 0.0003
5.09 1.5561 0.0004
5.1 1.5557 0.00055
5.11 1.5553 0.00075
5.12 1.5549 0.001
5.13 1.5545 0.00125
5.14 1.554 0.00145
5.15 1.5536 0.00161
5.16 1.5532 0.001703758
5.17 1.5527 0.001756198
5.18 1.5523 0.0017860733
5.19 1.5519 0.0018199218
5.2 1.5514 0.001839416
5.21 1.551 0.0018533492
5.22 1.5506 0.0018741403
5.23 1.5501 0.0018822125
5.24 1.5497 0.0018992412
5.25 1.5492 0.0019246727
5.26 1.5488 0.0019656345
5.27 1.5483 0.0019834956
5.28 1.5479 0.0020091154
5.29 1.5474 0.0020143069
5.3 1.547 0.0020308277
5.31 1.5465 0.0020116984
5.32 1.5461 0.001995139
5.33 1.5456 0.0019827727
5.34 1.5452 0.0019801506
5.35 1.5447 0.0019732074
5.36 1.5443 0.0019759838
5.37 1.5438 0.0019882176
5.38 1.5433 0.0020134875
5.39 1.5429 0.0020605171
5.4 1.5424 0.0020858366
5.41 1.5419 0.0021574499
5.42 1.5415 0.0021281859
5.43 1.541 0.0021384265
5.44 1.5405 0.0021457878
5.45 1.54 0.0021406731
5.46 1.5396 0.0021785682
5.47 1.5391 0.0021791237
5.48 1.5386 0.0022836588
5.49 1.5381 0.0023563746
5.5 1.5376 0.0024313155
5.51 1.5371 0.0025363233
5.52 1.5367 0.0026285046
5.53 1.5362 0.0026867735
5.54 1.5357 0.0027648634
5.55 1.5352 0.0028700262
5.56 1.5347 0.002969953
5.57 1.5342 0.0029723829
5.58 1.5337 0.0029416428
5.59 1.5332 0.0030060151
5.6 1.5327 0.0030840606
5.61 1.5322 0.003048128
5.62 1.5317 0.002943581
5.63 1.5312 0.0028912057
5.64 1.5307 0.0029057751
5.65 1.5302 0.0029605119
5.66 1.5296 0.0029512236
5.67 1.5291 0.0028523519
5.68 1.5286 0.0027888177
5.69 1.5281 0.0028481106
5.7 1.5276 0.0029116798
5.71 1.527 0.0030173138
5.72 1.5265 0.0030219124
5.73 1.526 0.0030059162
5.74 1.5255 0.0031276524
5.75 1.5249 0.0032464921
5.76 1.5244 0.0033376165
5.77 1.5239 0.0034090473
5.78 1.5233 0.0033382379
5.79 1.5228 0.0032766423
5.8 1.5223 0.0032383378
5.81 1.5217 0.0032366617
5.82 1.5212 0.0032838811
5.83 1.5206 0.0032877203
5.84 1.5201 0.0032503866
5.85 1.5195 0.0031952279
5.86 1.519 0.0030878177
5.87 1.5184 0.0029312491
5.88 1.5179 0.0027641114
5.89 1.5173 0.0026760788
5.9 1.5167 0.0026405493
5.91 1.5162 0.0025405862
5.92 1.5156 0.0023220009
5.93 1.5151 0.0021907451
5.94 1.5145 0.0020799057
5.95 1.5139 0.0019698847
5.96 1.5133 0.0018834252
5.97 1.5128 0.0018134422
5.98 1.5122 0.0017537752
5.99 1.5116 0.0017066687
6 1.511 0.0016663221
6.01 1.5104 0.0016378002
6.02 1.5099 0.0016108842
6.03 1.5093 0.0015898989
6.04 1.5087 0.0015702521
6.05 1.5081 0.0015532209
6.06 1.5075 0.001533852
6.07 1.5069 0.0015159996
6.08 1.5063 0.0014970247
6.09 1.5057 0.0014809244
6.1 1.5051 0.0014667271
6.11 1.5045 0.001452797
6.12 1.5039 0.001437391
6.13 1.5033 0.001423259
6.14 1.5026 0.0014117944
6.15 1.502 0.0014019594
6.16 1.5014 0.0013912896
6.17 1.5008 0.0013819312
6.18 1.5002 0.0013750937
6.19 1.4995 0.001369816
6.2 1.4989 0.0013653344
6.21 1.4983 0.0013622037
6.22 1.4976 0.0013575737
6.23 1.497 0.0013561332
6.24 1.4964 0.0013542681
6.25 1.4957 0.0013511499
6.26 1.4951 0.0013493636
6.27 1.4944 0.0013502865
6.28 1.4938 0.0013514406
6.29 1.4931 0.0013475545
6.3 1.4925 0.0013456154
6.31 1.4918 0.0013475947
6.32 1.4912 0.0013533372
6.33 1.4905 0.0013617581
6.34 1.4899 0.001374326
6.35 1.4892 0.0013887791
6.36 1.4885 0.0014008842
6.37 1.4879 0.0014197795
6.38 1.4872 0.001440344
6.39 1.4865 0.0014597527
6.4 1.4858 0.0014780667
6.41 1.4851 0.0014947566
6.42 1.4845 0.0015102121
6.43 1.4838 0.001525216
6.44 1.4831 0.0015407453
6.45 1.4824 0.001555757
6.46 1.4817 0.0015693919
6.47 1.481 0.0015809785
6.48 1.4803 0.0015917924
6.49 1.4796 0.0016038732
6.5 1.4789 0.0016138741
6.51 1.4782 0.0016178047
6.52 1.4775 0.0016200684
6.53 1.4767 0.0016200879
6.54 1.476 0.0016185385
6.55 1.4753 0.0016178847
6.56 1.4746 0.0016121211
6.57 1.4738 0.0016042598
6.58 1.4731 0.0015945755
6.59 1.4724 0.0015878609
6.6 1.4716 0.0015855975
6.61 1.4709 0.0015840135
6.62 1.4702 0.0015858155
6.63 1.4694 0.0015915612
6.64 1.4687 0.0015964344
6.65 1.4679 0.001605897
6.66 1.4672 0.001617476
6.67 1.4664 0.001632246
6.68 1.4656 0.0016496759
6.69 1.4649 0.0016667274
6.7 1.4641 0.0016860616
6.71 1.4633 0.0017073359
6.72 1.4626 0.0017306462
6.73 1.4618 0.0017527853
6.74 1.461 0.0017734706
6.75 1.4602 0.0018000635
6.76 1.4594 0.0018265695
6.77 1.4586 0.0018376244
6.78 1.4578 0.0018473946
6.79 1.457 0.0018559551
6.8 1.4562 0.001863152
6.81 1.4554 0.0018585995
6.82 1.4546 0.0018433175
6.83 1.4538 0.0018090418
6.84 1.453 0.0017977142
6.85 1.4522 0.0017821513
6.86 1.4514 0.0017787083
6.87 1.4505 0.001794549
6.88 1.4497 0.001816482
6.89 1.4489 0.0018461551
6.9 1.448 0.0018861892
6.91 1.4472 0.0019298435
6.92 1.4463 0.0020093226
6.93 1.4455 0.002095
6.94 1.4446 0.00218
6.95 1.4438 0.00227
6.96 1.4429 0.00236
6.97 1.4421 0.00245
6.98 1.4412 0.00254
6.99 1.4403 0.00263
7 1.4394 0.00268
7.01 1.4386 0.00271
7.02 1.4377 0.00273
7.03 1.4368 0.0027446069
7.04 1.4359 0.0027537007
7.05 1.435 0.0027628991
7.06 1.4341 0.0027722049
7.07 1.4332 0.0027816564
7.08 1.4323 0.0027910578
7.09 1.4314 0.0028005731
7.1 1.4305 0.002810233
7.11 1.4295 0.0028199494
7.12 1.4286 0.0028297117
7.13 1.4277 0.0028395259
7.14 1.4268 0.0028494332
7.15 1.4258 0.0028594944
7.16 1.4249 0.0028695918
7.17 1.4239 0.0028797784
7.18 1.423 0.0028900307
7.19 1.422 0.0029004839
7.2 1.4211 0.0029109377
7.21 1.4201 0.0029214932
7.22 1.4191 0.0029321381
7.23 1.4182 0.0029427791
7.24 1.4172 0.002953683
7.25 1.4162 0.002964606
7.26 1.4152 0.002975566
7.27 1.4142 0.0029867506
7.28 1.4132 0.002997906
7.29 1.4122 0.0030092399
7.3 1.4112 0.0030205372
7.31 1.4102 0.003032124
7.32 1.4092 0.0030437861
7.33 1.4082 0.0030553605
7.34 1.4071 0.0030672131
7.35 1.4061 0.0030791942
7.36 1.4051 0.0030910406
7.37 1.404 0.0031032771
7.38 1.403 0.0031154652
7.39 1.4019 0.0031278541
7.4 1.4009 0.0031403116
7.41 1.3998 0.003152812
7.42 1.3987 0.0031654774
7.43 1.3977 0.0031783077
7.44 1.3966 0.0031911927
7.45 1.3955 0.0032041642
7.46 1.3944 0.0032173978
7.47 1.3933 0.0032306021
7.48 1.3922 0.0032440172
7.49 1.3911 0.0032575994
7.5 1.39 0.0032711367
7.51 1.3889 0.0032849556
7.52 1.3878 0.0032987856
7.53 1.3866 0.0033127889
7.54 1.3855 0.0033269301
7.55 1.3844 0.003341223
7.56 1.3832 0.0033555927
7.57 1.3821 0.0033701657
7.58 1.3809 0.0033848683
7.59 1.3797 0.0033996198
7.6 1.3786 0.0034145889
7.61 1.3774 0.0034296273
7.62 1.3762 0.0034449635
7.63 1.375 0.0034603433
7.64 1.3738 0.0034759153
7.65 1.3726 0.0034915881
7.66 1.3714 0.00350745
7.67 1.3702 0.0035234382
7.68 1.369 0.0035395909
7.69 1.3677 0.0035558843
7.7 1.3665 0.0035723691
7.71 1.3652 0.0035890253
7.72 1.364 0.0036057956
7.73 1.3627 0.0036226332
7.74 1.3615 0.0036398775
7.75 1.3602 0.0036571853
7.76 1.3589 0.0036744899
7.77 1.3576 0.0036922346
7.78 1.3564 0.0037100976
7.79 1.3551 0.0037279996
7.8 1.3537 0.0037462389
7.81 1.3524 0.0037645829
7.82 1.3511 0.0037831026
7.83 1.3498 0.0038017873
7.84 1.3484 0.0038208051
7.85 1.3471 0.00384
7.86 1.3457 0.0038592006
7.87 1.3444 0.0038787439
7.88 1.343 0.0038984581
7.89 1.3416 0.0039183054
7.9 1.3403 0.0039384251
7.91 1.3389 0.0039587617
7.92 1.3375 0.0039792842
7.93 1.3361 0.0040000993
7.94 1.3346 0.0040210238
7.95 1.3332 0.0040422852
7.96 1.3318 0.0040636568
7.97 1.3303 0.0040853355
7.98 1.3289 0.0041072733
7.99 1.3274 0.00412934
8 1.326 0.0041516065
8.01 1.3245 0.0041743004
8.02 1.323 0.0041972057
8.03 1.3215 0.0042202387
8.04 1.32 0.004243448
8.05 1.3185 0.0042671363
8.06 1.317 0.0042910428
8.07 1.3154 0.0043151121
8.08 1.3139 0.0043395452
8.09 1.3123 0.0043641581
8.1 1.3108 0.0043890718
8.11 1.3092 0.0044143178
8.12 1.3076 0.004439732
8.13 1.306 0.004465553
8.14 1.3044 0.0044916859
8.15 1.3028 0.0045178635
8.16 1.3012 0.004544676
8.17 1.2996 0.0045717953
8.18 1.2979 0.0045989982
8.19 1.2963 0.0046266004
8.2 1.2946 0.0046545518
8.21 1.2929 0.0046826289
8.22 1.2912 0.0047113297
8.23 1.2895 0.0047400535
8.24 1.2878 0.0047695848
8.25 1.2861 0.0047991333
8.26 1.2844 0.0048290393
8.27 1.2826 0.0048592655
8.28 1.2809 0.0048900769
8.29 1.2791 0.0049209949
8.3 1.2773 0.0049523307
8.31 1.2755 0.0049842387
8.32 1.2737 0.0050162706
8.33 1.2719 0.0050490642
8.34 1.2701 0.0050819284
8.35 1.2682 0.0051154692
8.36 1.2664 0.0051491471
8.37 1.2645 0.0051833368
8.38 1.2626 0.0052180524
8.39 1.2607 0.0052529238
8.4 1.2588 0.005288481
8.41 1.2569 0.0053246091
8.42 1.2549 0.0053610447
8.43 1.253 0.0053979193
8.44 1.251 0.005435293
8.45 1.249 0.0054731134
8.46 1.2471 0.0055115443
8.47 1.245 0.00555021
8.48 1.243 0.0055894348
8.49 1.241 0.0056292879
8.5 1.2389 0.0056697779
8.51 1.2368 0.0057108961
8.52 1.2348 0.0057522012
8.53 1.2327 0.0057943402
8.54 1.2305 0.005836858
8.55 1.2284 0.0058800152
8.56 1.2263 0.0059238893
8.57 1.2241 0.0059680027
8.58 1.2219 0.0060130465
8.59 1.2197 0.0060583946
8.6 1.2175 0.0061045586
8.61 1.2152 0.0061514222
8.62 1.213 0.0061990502
8.63 1.2107 0.0062473429
8.64 1.2084 0.006296173
8.65 1.2061 0.0063457548
8.66 1.2038 0.0063959573
8.67 1.2014 0.0064469768
8.68 1.1991 0.006498338
8.69 1.1967 0.0065509439
8.7 1.1943 0.0066042464
8.71 1.1918 0.0066582223
8.72 1.1894 0.00671304
8.73 1.1869 0.0067687984
8.74 1.1844 0.0068249956
8.75 1.1819 0.0068823796
8.76 1.1794 0.0069406055
8.77 1.1768 0.0069998626
8.78 1.1743 0.0070596976
8.79 1.1717 0.0071206216
8.8 1.169 0.0071822808
8.81 1.1664 0.0072448807
8.82 1.1637 0.0073090187
8.83 1.161 0.0073736724
8.84 1.1583 0.0074395034
8.85 1.1556 0.0075058526
8.86 1.1528 0.0075741541
8.87 1.15 0.0076432272
8.88 1.1472 0.0077130999
8.89 1.1443 0.0077842532
8.9 1.1415 0.0078568781
8.91 1.1386 0.007930329
8.92 1.1356 0.0080052396
8.93 1.1327 0.00808113
8.94 1.1297 0.0081587273
8.95 1.1267 0.0082373323
8.96 1.1236 0.0083172697
8.97 1.1206 0.0083989972
8.98 1.1175 0.0084817522
8.99 1.1143 0.0085662033
9 1.1112 0.008651878
9.01 1.108 0.0087392441
9.02 1.1047 0.0088281365
9.03 1.1015 0.0089184898
9.04 1.0982 0.0090105091
9.05 1.0948 0.009103916
9.06 1.0915 0.0091995283
9.07 1.0881 0.0092969649
9.08 1.0846 0.0093957487
9.09 1.0811 0.0094969721
9.1 1.0776 0.0095995762
9.11 1.0741 0.0097042912
9.12 1.0705 0.0098112557
9.13 1.0669 0.009920412
9.14 1.0632 0.010030961
9.15 1.0595 0.010144755
9.16 1.0557 0.010260072
9.17 1.0519 0.010377879
9.18 1.0481 0.010498245
9.19 1.0442 0.01062027
9.2 1.0403 0.010745857
9.21 1.0363 0.010873321
9.22 1.0323 0.01100367
9.23 1.0282 0.011137002
9.24 1.0241 0.011273391
9.25 1.0199 0.011411708
9.26 1.0157 0.011553192
9.27 1.0114 0.011699336
9.28 1.0071 0.011847162
9.29 1.0027 0.011998677
9.3 0.99823 0.01215432
9.31 0.99373 0.012312107
9.32 0.98917 0.012473521
9.33 0.98455 0.012640114
9.34 0.97987 0.012809977
9.35 0.97513 0.012985041
9.36 0.97032 0.013163547
9.37 0.96545 0.013344971
9.38 0.96051 0.013532014
9.39 0.9555 0.013723496
9.4 0.95042 0.013920552
9.41 0.94527 0.014123047
9.42 0.94004 0.014328886
9.43 0.93474 0.014540822
9.44 0.92936 0.014758898
9.45 0.92389 0.014982767
9.46 0.91835 0.015212879
9.47 0.91272 0.015448027
9.48 0.907 0.015690803
9.49 0.90119 0.015940663
9.5 0.89529 0.01619774
9.51 0.8893 0.016463168
9.52 0.88321 0.016734869
9.53 0.87702 0.017014776
9.54 0.87072 0.017303491
9.55 0.86432 0.017600597
9.56 0.8578 0.017909028
9.57 0.85118 0.018224708
9.58 0.84443 0.01855414
9.59 0.83757 0.018892291
9.6 0.83058 0.019242526
9.61 0.82346 0.01960371
9.62 0.8162 0.019977438
9.63 0.80881 0.020365688
9.64 0.80127 0.020766515
9.65 0.79359 0.021183769
9.66 0.78575 0.021616674
9.67 0.77774 0.022064111
9.68 0.76957 0.022533365
9.69 0.76123 0.023017893
9.7 0.75271 0.023524581
9.71 0.74399 0.024053219
9.72 0.73508 0.024601724
9.73 0.72596 0.025179899
9.74 0.71663 0.025781135
9.75 0.70707 0.02641144
9.76 0.69728 0.027074216
9.77 0.68724 0.027767808
9.78 0.67693 0.028498369
9.79 0.66635 0.029269879
9.8 0.65548 0.030081249
9.81 0.64431 0.030940667
9.82 0.6328 0.031846409
9.83 0.62095 0.032813214
9.84 0.60873 0.03384045
9.85 0.59612 0.034935317
9.86 0.58309 0.036109635
9.87 0.56961 0.037361838
9.88 0.55564 0.03872119
9.89 0.54115 0.040184036
9.9 0.52608 0.04177378
9.91 0.51039 0.043511205
9.92 0.49402 0.045420107
9.93 0.4769 0.047512405
9.94 0.45895 0.049840092
9.95 0.44006 0.052476798
9.96 0.42013 0.055411115
9.97 0.399 0.05880007
9.98 0.37651 0.062734193
9.99 0.35244 0.067328354
10 0.32653 0.072841523
10.01 0.29859 0.079609701
10.02 0.26799 0.088146886
10.03 0.23469 0.099259079
10.04 0.19926 0.11418528
10.05 0.16429 0.13459649
10.06 0.13457 0.17792352
10.07 0.11291 0.21611418
10.081 0.098068 0.2535949
10.091 0.08774 0.28889557
10.101 0.080264 0.32190624
10.111 0.074639 0.35287691
10.121 0.070266 0.38213759
10.132 0.066778 0.40994834
10.142 0.063939 0.43654903
10.152 0.061589 0.46212972
10.163 0.059619 0.48684048
10.173 0.057951 0.51080118
10.183 0.056527 0.53412189
10.194 0.055304 0.55688267
10.204 0.054249 0.57915339
10.215 0.053337 0.60100418
10.225 0.052547 0.62248491
10.235 0.051862 0.64362564
10.246 0.05127 0.66449645
10.256 0.05076 0.68510719
10.267 0.050323 0.70550801
10.277 0.049951 0.72571876
10.288 0.049639 0.74575959
10.299 0.049381 0.76567042
10.309 0.049172 0.78546119
10.32 0.04901 0.80515204
10.331 0.04889 0.82476289
10.341 0.048811 0.84432367
10.352 0.048769 0.86383454
10.363 0.048764 0.88331541
10.373 0.048792 0.90278621
10.384 0.048854 0.92224709
10.395 0.048947 0.94173798
10.406 0.049071 0.96123887
10.417 0.049225 0.98078978
10.428 0.049409 1.0004007
10.438 0.049621 1.0201015
10.449 0.049862 1.0398024
10.46 0.050131 1.0596034
10.471 0.050429 1.0795043
10.482 0.050755 1.0996052
10.493 0.051109 1.1197062
10.504 0.051493 1.1400071
10.515 0.051905 1.1605081
10.526 0.052346 1.181109
10.537 0.052818 1.20191
10.549 0.05332 1.2228111
10.56 0.053854 1.2439121
10.571 0.05442 1.2653131
10.582 0.055019 1.286914
10.593 0.055652 1.3087151
10.604 0.05632 1.3307161
10.616 0.057025 1.3530172
10.627 0.057768 1.3756182
10.638 0.05855 1.3985192
10.65 0.059373 1.4217204
10.661 0.060239 1.4452214
10.672 0.06115 1.4691224
10.684 0.062108 1.4933236
10.695 0.063115 1.5178247
10.707 0.064173 1.5428258
10.718 0.065287 1.5682269
10.73 0.066457 1.5941281
10.741 0.067688 1.6204292
10.753 0.068983 1.6472304
10.764 0.070346 1.6745315
10.776 0.071781 1.7023327
10.787 0.073292 1.7307338
10.799 0.074884 1.7597351
10.811 0.076563 1.7893363
10.823 0.078334 1.8196376
10.834 0.080204 1.8506387
10.846 0.082179 1.88234
10.858 0.084268 1.9149413
10.87 0.086478 1.9482425
10.881 0.08882 1.9824437
10.893 0.091302 2.017645
10.905 0.093937 2.0537463
10.917 0.096737 2.0909476
10.929 0.099716 2.129149
10.941 0.10289 2.1686503
10.953 0.10628 2.2093516
10.965 0.10989 2.251453
10.977 0.11376 2.2949544
10.989 0.11791 2.3399557
11.001 0.12236 2.3866571
11.013 0.12716 2.4350585
11.025 0.13232 2.4854599
11.038 0.1379 2.5378614
11.05 0.14394 2.5924628
11.062 0.1505 2.6495642
11.074 0.15763 2.7091657
11.086 0.16542 2.7715671
11.099 0.17394 2.8371687
11.111 0.1833 2.9061701
11.123 0.19362 2.9787716
11.136 0.20503 3.0555732
11.148 0.21771 3.1368747
11.161 0.23187 3.2231763
11.173 0.24774 3.3151778
11.186 0.26564 3.4133795
11.198 0.28595 3.518781
11.211 0.30915 3.6320827
11.223 0.33583 3.7545842
11.236 0.36677 3.8874859
11.249 0.40299 4.0324876
11.261 0.44581 4.1915892
11.274 0.49705 4.3670909
11.287 0.55916 4.5620926
11.299 0.63564 4.7802942
11.312 0.73147 5.026396
11.325 0.85406 5.3063978
11.338 1.0147 5.6275995
11.351 1.2314 5.9988013
11.364 1.5334 6.4288031
11.377 1.97 6.9222049
11.39 2.625 7.4632068
11.403 3.628 7.9675086
11.416 5.1011 8.1698104
11.429 6.8544 7.5760123
11.442 8.0968 6.0555142
11.455 8.3549 4.364016
11.468 8.0161 3.0904179
11.481 7.5063 2.2490198
11.494 7.0042 1.6986218
11.507 6.5588 1.3276237
11.521 6.1748 1.0681258
11.534 5.8452 0.87990773
11.547 5.5611 0.73913969
11.561 5.3142 0.63099182
11.574 5.098 0.54598381
11.587 4.907 0.47784581
11.601 4.737 0.42231798
11.614 4.5847 0.37640001
11.628 4.4474 0.33793221
11.641 4.3228 0.30535426
11.655 4.2092 0.27748649
11.669 4.1051 0.25343873
11.682 4.0093 0.23252082
11.696 3.9208 0.21419309
11.71 3.8388 0.19804537
11.723 3.7625 0.1837175
11.737 3.6913 0.17094981
11.751 3.6246 0.15951214
11.765 3.5622 0.14921448
11.779 3.5034 0.13991683
11.792 3.448 0.13147903
11.806 3.3957 0.12380141
11.82 3.3462 0.11679381
11.834 3.2993 0.11036622
11.848 3.2547 0.10445865
11.862 3.2124 0.099028092
11.876 3.172 0.09400855
11.891 3.1335 0.089363199
11.905 3.0967 0.085053688
11.919 3.0615 0.081048192
11.933 3.0278 0.077317711
11.947 2.9955 0.073837245
11.962 2.9645 0.070584977
11.976 2.9347 0.067539543
11.99 2.9061 0.064684124
12.005 2.8785 0.062003907
12.019 2.8519 0.059482521
12.034 2.8262 0.057109338
12.048 2.8015 0.054872983
12.063 2.7776 0.052761835
12.077 2.7545 0.050767512
12.092 2.7321 0.048881399
12.107 2.7105 0.047096303
12.121 2.6895 0.04540503
12.136 2.6692 0.04380097
12.151 2.6494 0.042277927
12.165 2.6303 0.040831704
12.18 2.6117 0.039457697
12.195 2.5936 0.038149708
12.21 2.576 0.036905737
12.225 2.5589 0.035719785
12.24 2.5423 0.034590852
12.255 2.5261 0.033513936
12.27 2.5102 0.03248704
12.285 2.4948 0.031507162
12.3 2.4798 0.030571302
12.315 2.4652 0.029676461
12.33 2.4508 0.028822639
12.346 2.4369 0.02800705
12.361 2.4232 0.027226267
12.376 2.4098 0.026479502
12.392 2.3968 0.025764974
12.407 2.384 0.025081249
12.422 2.3715 0.024427543
12.438 2.3593 0.023801077
12.453 2.3473 0.02320141
12.469 2.3355 0.022626986
12.484 2.324 0.022076359
12.5 2.3127 0.021548978
12.516 2.3017 0.021043618
12.531 2.2908 0.020559051
12.547 2.2802 0.020094734
12.563 2.2697 0.019650439
12.579 2.2594 0.019224167
12.594 2.2493 0.018814681
12.61 2.2394 0.018422451
12.626 2.2297 0.018046243
12.642 2.2201 0.017685058
12.658 2.2107 0.017338895
12.674 2.2014 0.017006754
12.69 2.1923 0.016688636
12.706 2.1833 0.01638254
12.723 2.1745 0.016089713
12.739 2.1658 0.015808664
12.755 2.1572 0.015537637
12.771 2.1487 0.015278633
12.788 2.1404 0.015029903
12.804 2.1322 0.014790946
12.821 2.1241 0.014561266
12.837 2.1161 0.014340356
12.853 2.1083 0.014128468
12.87 2.1005 0.013925863
12.887 2.0928 0.013730284
12.903 2.0853 0.013542468
12.92 2.0778 0.013361939
12.937 2.0704 0.013188436
12.953 2.0631 0.013021692
12.97 2.0559 0.012861239
12.987 2.0488 0.012706813
13.004 2.0417 0.012558413
13.021 2.0348 0.012416039
13.038 2.0279 0.012278691
13.055 2.0211 0.01214637
13.072 2.0144 0.012020075
13.089 2.0077 0.011897807
13.106 2.0011 0.011779565
13.123 1.9946 0.011666349
13.141 1.9881 0.011557444
13.158 1.9817 0.011452283
13.175 1.9753 0.011351149
13.193 1.9691 0.01125433
13.21 1.9628 0.01116025
13.228 1.9567 0.01107049
13.245 1.9505 0.010983465
13.263 1.9445 0.010899763
13.28 1.9384 0.010818794
13.298 1.9325 0.01074115
13.316 1.9265 0.010667536
13.333 1.9207 0.01059525
13.351 1.9148 0.010526495
13.369 1.909 0.010460271
13.387 1.9033 0.010396676
13.405 1.8976 0.010335612
13.423 1.8919 0.010276878
13.441 1.8863 0.010220675
13.459 1.8807 0.010166602
13.477 1.8751 0.010114959
13.495 1.8696 0.010065447
13.514 1.8641 0.010018384
13.532 1.8586 0.0099730349
13.55 1.8532 0.0099298163
13.569 1.8478 0.009888952
13.587 1.8424 0.0098496963
13.605 1.8371 0.0098123713
13.624 1.8318 0.0097773059
13.643 1.8265 0.0097440748
13.661 1.8212 0.0097124453
13.68 1.8159 0.0096828809
13.699 1.8107 0.0096550509
13.717 1.8055 0.0096287172
13.736 1.8003 0.009604354
13.755 1.7952 0.0095818252
13.774 1.79 0.0095609307
13.793 1.7849 0.0095416707
13.812 1.7798 0.0095240451
13.831 1.7747 0.009508154
13.85 1.7696 0.0094937974
13.87 1.7645 0.0094814277
13.889 1.7594 0.0094702419
13.908 1.7544 0.0094606906
13.928 1.7493 0.0094531318
13.947 1.7443 0.0094466514
13.966 1.7393 0.0094418056
13.986 1.7343 0.0094387579
14.006 1.7293 0.0094373485
14.025 1.7243 0.0094370101
14.045 1.7193 0.0094385754
14.065 1.7143 0.0094417791
14.085 1.7093 0.0094464212
14.104 1.7044 0.0094521266
14.124 1.6994 0.0094598435
14.144 1.6944 0.0094689987
14.164 1.6894 0.0094796923
14.184 1.6845 0.0094919242
14.205 1.6795 0.009505979
14.225 1.6745 0.0095211896
14.245 1.6696 0.0095380385
14.265 1.6646 0.0095563258
14.286 1.6596 0.0095765437
14.306 1.6546 0.0095979096
14.327 1.6496 0.00962121
14.347 1.6446 0.0096457544
14.368 1.6396 0.0096722372
14.388 1.6346 0.0096998602
14.409 1.6296 0.0097295254
14.43 1.6245 0.0097607329
14.451 1.6195 0.0097936824
14.472 1.6144 0.0098281742
14.493 1.6094 0.009864408
14.514 1.6043 0.009902184
14.535 1.5992 0.0099418019
14.556 1.5941 0.009983062
14.577 1.589 0.010026064
14.599 1.5838 0.01007123
14.62 1.5787 0.010117718
14.641 1.5735 0.010166048
14.663 1.5683 0.010216648
14.684 1.5631 0.010268664
14.706 1.5579 0.010323053
14.728 1.5526 0.010379289
14.749 1.5473 0.010437134
14.771 1.542 0.010497359
14.793 1.5367 0.010559529
14.815 1.5313 0.010623845
14.837 1.5259 0.010690207
14.859 1.5205 0.010758815
14.881 1.5151 0.010829567
14.903 1.5096 0.010902466
14.925 1.5041 0.010977709
14.948 1.4986 0.011055753
14.97 1.493 0.011135689
14.993 1.4874 0.01121853
15.015 1.4818 0.011303458
15.038 1.4761 0.011391095
15.06 1.4704 0.011481315
15.083 1.4646 0.011574048
15.106 1.4588 0.011670829
15.129 1.4529 0.01176866
15.152 1.4471 0.011870539
15.175 1.4411 0.011975467
15.198 1.4351 0.012083443
15.221 1.4291 0.012193468
15.244 1.423 0.012307541
15.267 1.4169 0.012425663
15.291 1.4107 0.012546319
15.314 1.4045 0.012670539
15.337 1.3982 0.012798806
15.361 1.3918 0.012930615
15.385 1.3854 0.013066475
15.408 1.3789 0.01320689
15.432 1.3723 0.013350852
15.456 1.3657 0.013498865
15.48 1.3591 0.01365193
15.504 1.3523 0.013809046
15.528 1.3455 0.013971213
15.552 1.3386 0.014138431
15.576 1.3316 0.0143107
15.601 1.3245 0.014488534
15.625 1.3174 0.014671906
15.649 1.3101 0.014860328
15.674 1.3028 0.015055322
15.699 1.2954 0.01525637
15.723 1.2879 0.015462947
15.748 1.2803 0.0156771
15.773 1.2726 0.015898308
15.798 1.2648 0.016126569
15.823 1.2569 0.016362883
15.848 1.2488 0.016606251
15.873 1.2407 0.016858671
15.898 1.2324 0.017119145
15.924 1.224 0.017389213
15.949 1.2155 0.017667793
15.974 1.2069 0.017957426
16 1.1981 0.018257659
16.026 1.1891 0.018567948
16.051 1.1801 0.01888974
16.077 1.1708 0.019224137
16.103 1.1614 0.019571591
16.129 1.1519 0.019933099
16.155 1.1421 0.020307662
16.181 1.1322 0.020697279
16.207 1.1221 0.021103951
16.234 1.1118 0.021527244
16.26 1.1013 0.021968025
16.287 1.0906 0.022428431
16.313 1.0797 0.022908321
16.34 1.0685 0.023410839
16.367 1.0571 0.023936414
16.393 1.0454 0.024486466
16.42 1.0335 0.025063151
16.447 1.0213 0.025667893
16.474 1.0088 0.026303689
16.502 0.99601 0.026973129
16.529 0.98288 0.027678038
16.556 0.96941 0.028422001
16.584 0.95558 0.029208613
16.611 0.94137 0.030040686
16.639 0.92676 0.03092341
16.667 0.91172 0.031862192
16.694 0.89622 0.032861429
16.722 0.88024 0.033929321
16.75 0.86374 0.03507227
16.779 0.84668 0.036301883
16.807 0.82903 0.037625945
16.835 0.81074 0.039058061
16.863 0.79176 0.040614232
16.892 0.77203 0.042313073
16.92 0.75148 0.044176353
16.949 0.73004 0.046232306
16.978 0.70762 0.048515316
17.007 0.68411 0.051068382
17.036 0.65941 0.053946503
17.065 0.63335 0.05722268
17.094 0.60578 0.060990912
17.123 0.57647 0.065383197
17.153 0.54517 0.07058017
17.182 0.51157 0.076844565
17.212 0.47524 0.084573649
17.241 0.43571 0.094389151
17.271 0.3924 0.10732734
17.301 0.34483 0.12516659
17.331 0.29331 0.1509359
17.361 0.24088 0.18869525
17.391 0.19514 0.23949466
17.422 0.16215 0.29686478
17.452 0.14047 0.35352429
17.483 0.12611 0.40674452
17.513 0.11622 0.45633414
17.544 0.10917 0.50279446
17.575 0.10401 0.54665485
17.606 0.10016 0.58840528
17.637 0.097268 0.62841577
17.668 0.095106 0.6669763
17.699 0.093509 0.70435689
17.73 0.092364 0.74073753
17.762 0.09159 0.77628889
17.794 0.091124 0.8111503
17.825 0.09092 0.84544108
17.857 0.090944 0.87925259
17.889 0.091169 0.91269415
17.921 0.091573 0.94582576
17.953 0.092141 0.97872741
17.986 0.09286 1.0114998
18.018 0.093722 1.0441215
18.051 0.094721 1.076744
18.083 0.095853 1.1092659
18.116 0.097117 1.1419885
18.149 0.098512 1.1747111
18.182 0.10004 1.2076337
18.215 0.10171 1.2407565
18.248 0.10352 1.2740792
18.282 0.10548 1.3078027
18.315 0.10759 1.3418256
18.349 0.10988 1.3762491
18.382 0.11235 1.4111721
18.416 0.11501 1.4464957
18.45 0.11788 1.4825194
18.484 0.12097 1.5190432
18.519 0.12432 1.5563677
18.553 0.12795 1.5943915
18.587 0.13187 1.6333154
18.622 0.13612 1.67304
18.657 0.14074 1.7138647
18.692 0.14577 1.7556893
18.727 0.15126 1.7988141
18.762 0.15725 1.8432388
18.797 0.16382 1.8890636
18.832 0.17103 1.9363885
18.868 0.17897 1.985514
18.904 0.18775 2.0365396
18.939 0.19748 2.0896646
18.975 0.2083 2.1451902
19.011 0.22039 2.203216
19.048 0.23396 2.2640424
19.084 0.24925 2.3280682
19.12 0.26657 2.395694
19.157 0.2863 2.4673205
19.194 0.30893 2.543347
19.231 0.33506 2.6244736
19.268 0.36546 2.7113002
19.305 0.40112 2.8047269
19.342 0.44336 2.9054535
19.38 0.49391 3.0144809
19.417 0.55511 3.1331076
19.455 0.63016 3.2624351
19.493 0.72348 3.4035625
19.531 0.8413 3.55709
19.569 0.99238 3.7227175
19.608 1.189 3.8975457
19.646 1.4478 4.0727733
19.685 1.7887 4.2287015
19.724 2.229 4.3252298
19.763 2.7627 4.2965581
19.802 3.3277 4.0693864
19.841 3.7989 3.6263147
19.881 4.0652 3.0556437
19.92 4.1158 2.490272
19.96 4.0172 2.0127011
20 3.8419 1.6407301
20.04 3.6372 1.3603592
20.08 3.4276 1.1507882
20.121 3.2235 0.99413798
20.161 3.0287 0.87683703
20.202 2.8433 0.78952679
20.243 2.666 0.72590656
20.284 2.4948 0.68198631
20.325 2.3274 0.65566606
20.367 2.1616 0.64651653
20.408 1.995 0.65587626
20.45 1.8259 0.6873167
20.492 1.6542 0.74722712
20.534 1.4838 0.84517753
20.576 1.3265 0.99142793
20.619 1.2033 1.189079
20.661 1.1356 1.4280094
20.704 1.1351 1.6918404
20.747 1.21 1.9678715
20.79 1.3753 2.2437025
20.833 1.6566 2.4922334
20.877 2.0767 2.6478651
20.921 2.5982 2.5959967
20.964 3.0536 2.2669276
21.008 3.2659 1.7839592
21.053 3.2477 1.3406914
21.097 3.1127 1.0116229
21.142 2.9409 0.78356511
21.186 2.7669 0.62621652
21.231 2.6022 0.51584861
21.277 2.4489 0.43691135
21.322 2.306 0.37966334
21.368 2.1716 0.33798599
21.413 2.0439 0.30796787
21.459 1.9209 0.28710041
21.505 1.8009 0.2737029
21.552 1.6822 0.26673602
21.598 1.5633 0.26562839
21.645 1.4425 0.27031139
21.692 1.3178 0.28128433
21.739 1.1874 0.29994721
21.786 1.0488 0.32919001
21.834 0.90039 0.37463344
21.882 0.74344 0.44629679
21.93 0.5904 0.55634007
21.978 0.46635 0.70168327
22.026 0.38237 0.85786639
22.075 0.3283 1.0073101
22.124 0.29243 1.1460438
22.173 0.26767 1.2751773
22.222 0.25006 1.3966108
22.272 0.23737 1.5122448
22.321 0.22825 1.6233781
22.371 0.22186 1.7313119
22.422 0.21766 1.8370464
22.472 0.21529 1.94148
22.523 0.21452 2.0454142
22.573 0.2152 2.1493477
22.624 0.21726 2.2540817
22.676 0.22064 2.3601162
22.727 0.22537 2.46805
22.779 0.23151 2.5786843
22.831 0.23915 2.6925185
22.883 0.24843 2.8103526
22.936 0.25954 2.9329872
22.989 0.27277 3.0612216
23.041 0.28844 3.1961553
23.095 0.30701 3.3389901
23.148 0.32908 3.4910242
23.202 0.35546 3.6540588
23.256 0.38721 3.8300932
23.31 0.42581 4.0216275
23.364 0.47336 4.2318616
23.419 0.53283 4.4648962
23.474 0.60866 4.7259306
23.529 0.70769 5.0218649
23.585 0.8408 5.3614997
23.641 1.0262 5.7563343
23.697 1.2961 6.2198687
23.753 1.7098 6.7625029
23.81 2.3793 7.3681376
23.866 3.4939 7.9037715
23.923 5.1698 7.8900059
23.981 6.7257 6.6771406
24.038 7.0324 4.9233746
24.096 6.4024 3.777509
24.155 5.552 3.4370438
24.213 4.9402 3.8347778
24.272 5.1148 4.7113121
24.331 6.4068 5.1549463
24.39 7.7776 4.1302803
24.45 7.9111 2.6436147
24.51 7.4401 1.7027488
24.57 6.9242 1.1830828
24.631 6.4828 0.87982704
24.691 6.1185 0.68836054
24.752 5.8159 0.55893439
24.814 5.5607 0.46657856
24.876 5.3421 0.3978025
24.938 5.1521 0.34483622
25 4.9851 0.3029297
25.063 4.8365 0.26903348
25.126 4.7033 0.24111702
25.189 4.5828 0.21777032
25.253 4.4732 0.1979939
25.316 4.3727 0.18106671
25.381 4.2801 0.16643031
25.445 4.1945 0.15368314
25.51 4.1148 0.14248622
25.575 4.0405 0.13259904
25.641 3.9708 0.1238221
25.707 3.9054 0.11598489
25.773 3.8437 0.10896741
25.84 3.7853 0.10265815
25.907 3.73 0.096965609
25.974 3.6774 0.091814789
26.042 3.6273 0.087145165
26.11 3.5794 0.082901254
26.178 3.5336 0.079038056
26.247 3.4897 0.075516031
26.316 3.4475 0.072300711
26.385 3.4069 0.069362096
26.455 3.3677 0.066675634
26.525 3.3298 0.064215868
26.596 3.2932 0.061964238
26.667 3.2577 0.059902296
26.738 3.2233 0.058013043
26.81 3.1898 0.056282906
26.882 3.1571 0.054698449
26.954 3.1253 0.053247673
27.027 3.0942 0.051919993
27.1 3.0638 0.050706986
27.174 3.0341 0.049600057
27.248 3.0049 0.048589795
27.322 2.9761 0.0476722
27.397 2.9479 0.046838664
27.473 2.9201 0.046086173
27.548 2.8926 0.045406953
27.624 2.8655 0.044799773
27.701 2.8387 0.044259618
27.778 2.8121 0.043784111
27.855 2.7857 0.043369251
27.933 2.7594 0.043014398
28.011 2.7333 0.042716188
28.09 2.7073 0.042474969
28.169 2.6813 0.042289386
28.249 2.6553 0.04215778
28.329 2.6293 0.042080804
28.409 2.6031 0.042058459
28.49 2.5769 0.042091073
28.571 2.5505 0.042180314
28.653 2.5238 0.042326499
28.736 2.4969 0.042532618
28.818 2.4697 0.042799043
28.902 2.4421 0.0431317
28.986 2.414 0.043531966
29.07 2.3855 0.044003843
29.155 2.3564 0.044552624
29.24 2.3266 0.045185012
29.326 2.2961 0.045907291
29.412 2.2649 0.046728173
29.499 2.2327 0.047656932
29.586 2.1995 0.048704292
29.674 2.1652 0.049884516
29.762 2.1296 0.051212338
29.851 2.0926 0.052709011
29.94 2.054 0.05439628
30.03 2.0137 0.056303388
30.12 1.9713 0.058462089
30.211 1.9267 0.060916619
30.303 1.8795 0.063719969
30.395 1.8293 0.066937903
30.488 1.7758 0.070656646
30.581 1.7184 0.074990971
30.675 1.6564 0.080092095
30.769 1.589 0.086169801
30.864 1.5152 0.093522295
30.96 1.4337 0.10259257
31.056 1.3424 0.11407542
31.153 1.2389 0.12910404
31.25 1.1192 0.14980224
31.348 0.97737 0.1804602
31.447 0.80408 0.23165791
31.546 0.59054 0.33457519
31.646 0.38587 0.54739222
31.746 0.28294 0.80845882
31.847 0.2396 1.0460252
31.949 0.21986 1.2637412
32.051 0.21234 1.4721569
32.154 0.21374 1.6791722
32.258 0.22463 1.8926873
32.362 0.25641 2.119302
32.468 0.34884 2.3452165
32.573 0.51049 2.5673304
32.68 0.78812 2.6533442
32.787 0.86916 2.4333575
32.895 0.56246 2.4271705
33.003 0.39561 2.7681831
33.113 0.35982 3.1170955
33.223 0.36884 3.4674075
33.333 0.4042 3.842019
33.445 0.46488 4.2623303
33.557 0.55927 4.7540412
33.67 0.70779 5.3538517
33.784 0.95633 6.1213619
33.898 1.4197 7.1595717
34.014 2.4435 8.6314813
34.13 5.2418 10.36529
34.247 10.425 8.2388991
34.364 10.352 3.5482074
34.483 8.777 1.7533155
34.602 7.6497 1.0503231
34.722 6.869 0.71066034
34.843 6.2991 0.52074725
34.965 5.8609 0.40433378
35.088 5.5085 0.32949995
35.211 5.2132 0.28125571
35.336 4.9546 0.25242114
35.461 4.7156 0.24139616
35.587 4.4774 0.2546808
35.714 4.2128 0.32023507
35.842 3.8909 0.55528897
35.971 3.8694 1.3692825
36.101 5.1156 1.2517856
36.232 5.0095 0.45941839
36.364 4.7293 0.22681076
36.496 4.5332 0.14428274
36.63 4.3896 0.10815735
36.765 4.277 0.089644571
36.9 4.1846 0.078216403
37.037 4.1058 0.070046856
37.175 4.037 0.063749921
37.313 3.9759 0.058681601
37.453 3.9207 0.054480893
37.594 3.8706 0.050919797
37.736 3.8246 0.047850314
37.879 3.782 0.045168443
38.023 3.7426 0.042803186
38.168 3.7058 0.040696543
38.314 3.6713 0.038808514
38.462 3.639 0.037106078
38.61 3.6085 0.03556328
38.76 3.5797 0.034159071
38.911 3.5524 0.032875478
39.062 3.5265 0.031698535
39.216 3.5019 0.030616144
39.37 3.4785 0.029618406
39.526 3.4562 0.028695251
39.683 3.4348 0.027840716
39.841 3.4144 0.027047804
40 3.3948 0.026310518
40.161 3.376 0.02562281
40.323 3.358 0.02498173
40.486 3.3406 0.024383279
40.65 3.3239 0.023822462
40.816 3.3079 0.023297223
40.984 3.2924 0.022804562
41.152 3.2774 0.022342597
41.322 3.263 0.021907212
41.494 3.249 0.021497407
41.667 3.2355 0.021111245
41.841 3.2224 0.02074673
42.017 3.2097 0.020402799
42.194 3.1974 0.020077419
42.373 3.1855 0.019769225
42.553 3.174 0.01947699
42.735 3.1627 0.019199642
42.918 3.1518 0.018936059
43.103 3.1412 0.018685168
43.29 3.1309 0.01844617
43.478 3.1208 0.018218145
43.668 3.1111 0.018000219
43.86 3.1015 0.017791791
44.053 3.0923 0.017592148
44.248 3.0832 0.017400609
44.444 3.0744 0.017216664
44.643 3.0658 0.017039643
44.843 3.0574 0.016869222
45.045 3.0492 0.016704717
45.249 3.0412 0.016545932
45.455 3.0334 0.016392268
45.662 3.0257 0.016243623
45.872 3.0182 0.016099314
46.083 3.0109 0.015959332
46.296 3.0038 0.015823287
46.512 2.9968 0.015690888
46.729 2.9899 0.01556193
46.948 2.9832 0.01543632
47.17 2.9766 0.015313567
47.393 2.9702 0.015193669
47.619 2.9639 0.015076435
47.847 2.9577 0.014961767
48.077 2.9517 0.014849471
48.309 2.9457 0.01473935
48.544 2.9399 0.014631309
48.78 2.9342 0.014525356
49.02 2.9286 0.01442119
49.261 2.9231 0.014318823
49.505 2.9177 0.014218154
49.751 2.9124 0.014119193
50 2.9072 0.01402164
50.251 2.9021 0.013925606
50.505 2.897 0.013830992
50.761 2.8921 0.013737707
51.02 2.8873 0.013645554
51.282 2.8825 0.013554638
51.546 2.8778 0.01346497
51.813 2.8732 0.01337635
52.083 2.8687 0.013288786
52.356 2.8642 0.013202084
52.632 2.8599 0.01311645
52.91 2.8556 0.013031695
53.191 2.8513 0.012947921
53.476 2.8472 0.012864831
53.763 2.8431 0.01278264
54.054 2.839 0.012701147
54.348 2.8351 0.012620363
54.645 2.8312 0.012540295
54.945 2.8273 0.01246095
55.249 2.8235 0.012382133
55.556 2.8198 0.012303954
55.866 2.8161 0.012226421
56.18 2.8125 0.012149439
56.497 2.8089 0.012072919
56.818 2.8054 0.011996965
57.143 2.802 0.011921487
57.471 2.7986 0.011846495
57.803 2.7952 0.011771995
58.14 2.7919 0.011697793
58.48 2.7887 0.011624004
58.824 2.7854 0.011550733
59.172 2.7823 0.01147769
59.524 2.7792 0.011405184
59.88 2.7761 0.011332924
60.241 2.7731 0.01126092
60.606 2.7701 0.011189382
60.976 2.7671 0.011117919
61.35 2.7642 0.011046942
61.728 2.7614 0.010976259
62.112 2.7585 0.010905686
62.5 2.7557 0.010835427
62.893 2.753 0.010765398
63.291 2.7503 0.010695607
63.694 2.7476 0.010626067
64.103 2.745 0.010556595
64.516 2.7424 0.010487489
64.935 2.7398 0.010418474
65.359 2.7373 0.010349655
65.789 2.7348 0.01028095
66.225 2.7323 0.010212473
66.667 2.7299 0.010144136
67.114 2.7275 0.010075943
67.568 2.7251 0.010007825
68.027 2.7228 0.0099399742
68.493 2.7205 0.0098721259
68.966 2.7182 0.0098043946
69.444 2.716 0.0097369678
69.93 2.7138 0.0096693989
70.423 2.7116 0.0096019895
70.922 2.7094 0.0095347383
71.429 2.7073 0.0094675907
71.942 2.7052 0.0094005285
72.464 2.7031 0.009333418
72.993 2.7011 0.0092664401
73.529 2.699 0.0091997087
74.074 2.697 0.0091327785
74.627 2.6951 0.0090660467
75.188 2.6931 0.0089993291
75.758 2.6912 0.0089326641
76.336 2.6893 0.0088660461
76.923 2.6875 0.0087995148
77.519 2.6856 0.0087330877
78.125 2.6838 0.0086665084
78.74 2.682 0.0086000693
79.365 2.6802 0.0085337153
80 2.6785 0.0084672653
80.645 2.6767 0.0084009383
81.301 2.675 0.0083345831
81.967 2.6733 0.0082682894
82.645 2.6717 0.0082019393
83.333 2.67 0.0081357896
84.034 2.6684 0.0080694591
84.746 2.6668 0.008003203
85.47 2.6652 0.007936976
86.207 2.6637 0.0078707358
86.957 2.6621 0.0078044058
87.719 2.6606 0.0077382711
88.496 2.6591 0.0076719685
89.286 2.6577 0.0076057458
90.09 2.6562 0.0075394652
90.909 2.6548 0.0074732922
91.743 2.6533 0.0074069524
92.593 2.6519 0.0073407145
93.458 2.6505 0.0072744616
94.34 2.6492 0.0072081077
95.238 2.6478 0.0071418357
96.154 2.6465 0.0070755643
97.087 2.6452 0.0070092759
98.039 2.6439 0.0069428938
99.01 2.6426 0.0068765489
100 2.6414 0.0068101715
101.01 2.6401 0.0067437419
102.04 2.6389 0.0066773912
103.09 2.6377 0.0066110497
104.17 2.6365 0.0065442807
105.26 2.6353 0.0064781528
106.38 2.6342 0.00641157
107.53 2.633 0.0063447836
108.7 2.6319 0.0062781765
109.89 2.6308 0.0062117728
111.11 2.6297 0.0061451795
112.36 2.6286 0.0060785429
113.64 2.6275 0.0060117082
114.94 2.6265 0.0059453112
116.28 2.6255 0.005878402
117.65 2.6244 0.0058116215
119.05 2.6234 0.0057448091
120.48 2.6224 0.0056782025
121.95 2.6215 0.0056112851
123.46 2.6205 0.0055442549
125 2.6196 0.0054774448
126.58 2.6186 0.0054105763
128.21 2.6177 0.005343359
129.87 2.6168 0.0052765045
131.58 2.6159 0.0052094237
133.33 2.6151 0.0051424741
135.14 2.6142 0.0050751137
136.99 2.6133 0.0050079974
138.89 2.6125 0.0049408853
140.85 2.6117 0.0048735534
142.86 2.6109 0.0048063514
144.93 2.6101 0.0047390634
147.06 2.6093 0.0046717686
149.25 2.6085 0.0046045127
151.52 2.6078 0.0045369051
153.85 2.607 0.0044694842
156.25 2.6063 0.0044020918
158.73 2.6056 0.0043345719
161.29 2.6049 0.0042670206
163.93 2.6042 0.0041995093
166.67 2.6035 0.0041317194
169.49 2.6029 0.0040641429
172.41 2.6022 0.0039964758
175.44 2.6016 0.0039286265
178.57 2.601 0.0038608882
181.82 2.6003 0.0037930115
185.19 2.5997 0.0037250904
188.68 2.5991 0.0036572517
192.31 2.5986 0.0035892839
196.08 2.598 0.0035213222
200 2.5974 0.0034533134
204.08 2.5969 0.0033852769
208.33 2.5964 0.0033171938
212.77 2.5958 0.0032489619
217.39 2.5953 0.0031808449
222.22 2.5948 0.0031126395
227.27 2.5944 0.003044377
232.56 2.5939 0.0029760303
238.1 2.5934 0.002907665
243.9 2.593 0.0028393497
250 2.5925 0.0027709028
256.41 2.5921 0.0027024446
263.16 2.5917 0.0026339288
270.27 2.5913 0.0025653971
277.78 2.5909 0.0024968035
285.71 2.5905 0.0024282218
294.12 2.5901 0.0023595062
303.03 2.5898 0.0022908222
312.5 2.5894 0.0022220787
322.58 2.5891 0.0021532912
333.33 2.5888 0.0020844753
344.83 2.5885 0.0020155791
357.14 2.5881 0.0019466897
370.37 2.5879 0.0018777284
384.62 2.5876 0.0018087138
400 2.5873 0.0017397024
416.67 2.587 0.0016706086
434.78 2.5868 0.0016015123
454.55 2.5866 0.0015323344
476.19 2.5863 0.0014631402
500 2.5861 0.0013939006
526.32 2.5859 0.0013246039
555.56 2.5857 0.001255278
588.24 2.5855 0.0011859041
625 2.5853 0.0011165006
666.67 2.5852 0.0010470384
714.29 2.585 0.00097754443
769.23 2.5849 0.00090801179
833.33 2.5847 0.00083842138
909.09 2.5846 0.00076879333
1000 2.5845 0.00069912408

