0.08 1.2095608 0.91175142
0.081 1.2364706 0.91336647
0.082 1.2601208 0.90907031
0.083 1.2834766 0.89965109
0.084 1.2949497 0.88385058
0.085 1.3048543 0.86784959
0.086 1.3090047 0.86078241
0.087 1.3066762 0.86175722
0.088 1.3055446 0.87152701
0.089 1.3056346 0.88902542
0.09 1.3102837 0.90709207
0.091 1.327033 0.92497452
0.092 1.3561295 0.93384338
0.093 1.3944608 0.94271223
0.094 1.4176017 0.9445526
0.095 1.4402352 0.94244914
0.096 1.4586792 0.94296743
0.097 1.4720787 0.94664269
0.098 1.4854781 0.95122441
0.099 1.5101997 0.95663668
0.1 1.5419271 0.95899347
0.101 1.573607 0.95495032
0.102 1.6052083 0.95073044
0.103 1.6368096 0.93898994
0.104 1.6628971 0.92724944
0.105 1.6878759 0.91123281
0.106 1.709432 0.88901365
0.107 1.7250719 0.8667945
0.108 1.7407117 0.84381768
0.109 1.7519841 0.81986741
0.11 1.754617 0.80555454
0.111 1.7572499 0.79613681
0.112 1.7598828 0.78671907
0.113 1.7624037 0.78028696
0.114 1.7648646 0.77808138
0.115 1.7673255 0.77587581
0.116 1.7697864 0.77367024
0.117 1.7808224 0.76994892
0.118 1.7953603 0.760064
0.119 1.8100243 0.75017908
0.12 1.8257848 0.73752559
0.121 1.8415453 0.72275878
0.122 1.8568538 0.70799197
0.123 1.8678838 0.6928755
0.124 1.8789139 0.67745301
0.125 1.8811403 0.66203053
0.126 1.8752648 0.64633309
0.127 1.8691569 0.63061596
0.128 1.8615979 0.63015527
0.129 1.8540388 0.63274089
0.13 1.8470044 0.63909728
0.131 1.8574495 0.64554189
0.132 1.8678945 0.64633154
0.133 1.8793687 0.63871255
0.134 1.8911676 0.62644809
0.135 1.8911837 0.61756746
0.136 1.887303 0.60980595
0.137 1.8821315 0.60640994
0.138 1.8743308 0.61190693
0.139 1.86653 0.62149898
0.14 1.8587293 0.6502715
0.141 1.8726683 0.68845928
0.142 1.8953059 0.71682508
0.143 1.9363466 0.73323769
0.144 1.9810926 0.73553549
0.145 2.0394406 0.73783329
0.146 2.1049337 0.72383577
0.147 2.1575272 0.66646649
0.148 2.1972678 0.59914068
0.149 2.2304074 0.52709024
0.15 2.2396888 0.40832334
0.151 2.2489702 0.26140798
0.152 2.2493389 0.15993038
0.153 2.240446 0.074176614
0.154 2.2315531 0.042088307
0.155 2.2114548 0.01
0.156 2.1893454 0.003
0.157 2.167236 0.001
0.158 2.1507178 0.0003
0.159 2.1372691 0.0001
0.16 2.1238204 4e-05
0.161 2.1103717 2e-05
0.162 2.0969229 1.2e-05
0.163 2.0848602 9e-06
0.164 2.0755299 7e-06
0.165 2.0661997 6e-06
0.166 2.0568694 5.5e-06
0.167 2.0475391 5.2e-06
0.168 2.0382089 4.900004e-06
0.169 2.0291044 4.6781661e-06
0.17 2.0216532 4.5359187e-06
0.171 2.014202 4.4007723e-06
0.172 2.0067508 4.2772632e-06
0.173 1.9992996 4.1643041e-06
0.174 1.9918484 4.0587474e-06
0.175 1.9843973 3.9498162e-06
0.176 1.9777673 3.8522418e-06
0.177 1.9723197 3.7595375e-06
0.178 1.9668721 3.6654336e-06
0.179 1.9614245 3.5760902e-06
0.18 1.9559769 3.4930212e-06
0.181 1.9505293 3.4262193e-06
0.182 1.9450817 3.3534931e-06
0.183 1.9396342 3.2883952e-06
0.184 1.9341866 3.2387843e-06
0.185 1.929039 3.1769899e-06
0.186 1.9248873 3.126018e-06
0.187 1.9207357 3.1014485e-06
0.188 1.916584 3.0764095e-06
0.189 1.9124324 3.0520637e-06
0.19 1.9082807 3.0397182e-06
0.191 1.9041291 3.0222808e-06
0.192 1.8999774 2.9941766e-06
0.193 1.8958258 2.9768491e-06
0.194 1.8916741 2.9536362e-06
0.195 1.8875225 2.923465e-06
0.196 1.8833708 2.8780204e-06
0.197 1.8792192 2.8281163e-06
0.198 1.8750675 2.7719467e-06
0.199 1.8709159 2.696638e-06
0.2 1.8667642 2.6137057e-06
0.201 1.8626126 2.52149e-06
0.202 1.8590004 2.4137476e-06
0.203 1.856304 2.2957869e-06
0.204 1.8536076 2.1745371e-06
0.205 1.8509112 2.0501733e-06
0.206 1.8482148 1.9128652e-06
0.207 1.8455184 1.7870308e-06
0.208 1.842822 1.671759e-06
0.209 1.8401256 1.5519419e-06
0.21 1.8374291 1.4283282e-06
0.211 1.8347327 1.3259327e-06
0.212 1.8320363 1.2178962e-06
0.213 1.8293399 1.1177399e-06
0.214 1.8266435 1.0372371e-06
0.215 1.8239471 9.596041e-07
0.216 1.8212507 8.9228147e-07
0.217 1.8185543 8.2593477e-07
0.218 1.8158579 7.5819913e-07
0.219 1.8131615 7.1239849e-07
0.22 1.8104651 6.6571944e-07
0.221 1.8077687 6.2341779e-07
0.222 1.8050722 5.7279115e-07
0.223 1.8023758 5.3045068e-07
0.224 1.7996794 5.0309255e-07
0.225 1.796983 4.7643668e-07
0.226 1.7942866 4.4599881e-07
0.227 1.7915902 4.2056763e-07
0.228 1.7893389 3.8777782e-07
0.229 1.7877273 3.5440644e-07
0.23 1.7861157 3.2737709e-07
0.231 1.7845041 3.0608884e-07
0.232 1.7828926 2.8545435e-07
0.233 1.781281 2.7220501e-07
0.234 1.7796694 2.6257873e-07
0.235 1.7780579 2.2865731e-07
0.236 1.7764463 2.0020163e-07
0.237 1.7748347 1.8490476e-07
0.238 1.7732231 1.8064278e-07
0.239 1.7716116 1.6687881e-07
0.24 1.77 1.4895221e-07
0.241 1.7686667 1.4298935e-07
0.242 1.7673333 1.3690927e-07
0.243 1.766 1.1816196e-07
0.244 1.7646667 9.8240334e-08
0.245 1.7633333 9.3315463e-08
0.246 1.762 8.6298924e-08
0.247 1.7606667 7.9973321e-08
0.248 1.7593333 6.6150945e-08
0.249 1.758 5.5324243e-08
0.25 1.7566667 5.3625624e-08
0.26 1.7442 0
0.27 1.7334074 0
0.28 1.7243589 0
0.29 1.7160196 0
0.3 1.7088 0
0.31 1.7027 0
0.32 1.6973242 0
0.33 1.6925727 0
0.34 1.6886018 0
0.35 1.6856345 0
0.36 1.6826673 0
0.37 1.6797 0
0.38 1.6773667 0
0.39 1.6750333 0
0.4 1.6727 0
0.41 1.6709689 0
0.42 1.6692379 0
0.43 1.6675068 0
0.44 1.666128 0
0.45 1.6650567 0
0.46 1.6639853 0
0.47 1.662914 0
0.48 1.6618427 0
0.49 1.6607713 0
0.5 1.6597 0
0.51 1.6589 0
0.52 1.6581 0
0.53 1.6573 0
0.54 1.6565 0
0.55 1.6557 0
0.56 1.6550995 0
0.57 1.654499 0
0.58 1.6538984 0
0.59 1.6532979 0
0.6 1.6526974 0
0.61 1.6520969 0
0.62 1.6515943 0
0.63 1.6512825 0
0.64 1.6509707 0
0.65 1.6506589 0
0.66 1.6503471 0
0.67 1.6500353 0
0.68 1.6497236 0
0.69 1.6494118 0
0.7 1.6491 0
0.71 1.64891 0
0.72 1.64872 0
0.73 1.64853 0
0.74 1.64834 0
0.75 1.64815 0
0.76 1.64796 0
0.77 1.64777 0
0.78 1.64758 0
0.79 1.64739 0
0.8 1.6472 0
0.81 1.64703 0
0.82 1.64686 0
0.83 1.64669 0
0.84 1.64652 0
0.85 1.64635 0
0.86 1.64618 0
0.87 1.64601 0
0.88 1.64584 0
0.89 1.64567 0
0.9 1.6455 0
0.91 1.64535 0
0.92 1.6452 0
0.93 1.64505 0
0.94 1.6449 0
0.95 1.64475 0
0.96 1.6446 0
0.97 1.64445 0
0.98 1.6443 0
0.99 1.64415 0
1 1.644 0
1.01 1.64387 0
1.02 1.64374 0
1.03 1.64361 0
1.04 1.64348 0
1.05 1.64335 0
1.06 1.64322 0
1.07 1.64309 0
1.08 1.64296 0
1.09 1.64283 0
1.1 1.6427 0
1.11 1.6426249 0
1.12 1.6425499 0
1.13 1.6424748 0
1.14 1.6423997 0
1.15 1.6423247 0
1.16 1.6422496 0
1.17 1.6421745 0
1.18 1.6420995 0
1.19 1.6420244 0
1.2 1.6419493 0
1.21 1.6418743 0
1.22 1.6417992 0
1.23 1.6417242 0
1.24 1.6416491 0
1.25 1.641574 0
1.26 1.6415 0
1.27 1.6414 0
1.28 1.6413 0
1.29 1.6412 0
1.3 1.6411 0
1.31 1.6411 0
1.32 1.641 0
1.33 1.6409 0
1.34 1.6408 0
1.35 1.6407 0
1.36 1.6407 0
1.37 1.6406 0
1.38 1.6405 0
1.39 1.6404 0
1.4 1.6403 0
1.41 1.6402 0
1.42 1.6402 0
1.43 1.6401 0
1.44 1.64 0
1.45 1.6399 0
1.46 1.6398 0
1.47 1.6397 0
1.48 1.6396 0
1.49 1.6395 0
1.5 1.6395 0
1.51 1.6394 0
1.52 1.6393 0
1.53 1.6392 0
1.54 1.6391 0
1.55 1.639 0
1.56 1.6389 0
1.57 1.6388 0
1.58 1.6387 0
1.59 1.6386 0
1.6 1.6385 0
1.61 1.6384 0
1.62 1.6383 0
1.63 1.6382 0
1.64 1.6381 0
1.65 1.638 0
1.66 1.6379 0
1.67 1.6378 0
1.68 1.6377 0
1.69 1.6376 0
1.7 1.6375 0
1.71 1.6374 0
1.72 1.6373 0
1.73 1.6372 0
1.74 1.6371 0
1.75 1.637 0
1.76 1.6369 0
1.77 1.6368 0
1.78 1.6366 0
1.79 1.6365 0
1.8 1.6364 0
1.81 1.6363 0
1.82 1.6362 0
1.83 1.6361 0
1.84 1.636 0
1.85 1.6359 0
1.86 1.6357 0
1.87 1.6356 0
1.88 1.6355 0
1.89 1.6354 0
1.9 1.6353 0
1.91 1.6352 0
1.92 1.635 0
1.93 1.6349 0
1.94 1.6348 0
1.95 1.6347 0
1.96 1.6346 0
1.97 1.6344 0
1.98 1.6343 0
1.99 1.6342 0
2 1.6341 0
2.01 1.634 0
2.02 1.6338 0
2.03 1.6337 0
2.04 1.6336 0
2.05 1.6334 0
2.06 1.6333 0
2.07 1.6332 0
2.08 1.6331 0
2.09 1.6329 0
2.1 1.6328 0
2.11 1.6327 0
2.12 1.6325 0
2.13 1.6324 0
2.14 1.6323 0
2.15 1.6321 0
2.16 1.632 0
2.17 1.6319 0
2.18 1.6317 0
2.19 1.6316 0
2.2 1.6315 0
2.21 1.6313 0
2.22 1.6312 0
2.23 1.631 0
2.24 1.6309 0
2.25 1.6308 0
2.26 1.6306 0
2.27 1.6305 0
2.28 1.6303 0
2.29 1.6302 0
2.3 1.63 0
2.31 1.6299 0
2.32 1.6298 0
2.33 1.6296 0
2.34 1.6295 0
2.35 1.6293 0
2.36 1.6292 0
2.37 1.629 0
2.38 1.6289 0
2.39 1.6287 0
2.4 1.6286 0
2.41 1.6284 0
2.42 1.6283 0
2.43 1.6281 0
2.44 1.6279 0
2.45 1.6278 0
2.46 1.6276 0
2.47 1.6275 0
2.48 1.6273 0
2.49 1.6272 0
2.5 1.627 0
2.51 1.6268 0
2.52 1.6267 0
2.53 1.6265 0
2.54 1.6264 0
2.55 1.6262 0
2.56 1.626 0
2.57 1.6259 0
2.58 1.6257 0
2.59 1.6255 0
2.6 1.6254 0
2.61 1.6252 0
2.62 1.625 0
2.63 1.6249 0
2.64 1.6247 0
2.65 1.6245 0
2.66 1.6244 0
2.67 1.6242 0
2.68 1.624 0
2.69 1.6238 0
2.7 1.6237 0
2.71 1.6235 0
2.72 1.6233 0
2.73 1.6232 0
2.74 1.623 0
2.75 1.6228 0
2.76 1.6226 0
2.77 1.6224 0
2.78 1.6223 0
2.79 1.6221 0
2.8 1.6219 0
2.81 1.6217 0
2.82 1.6215 0
2.83 1.6213 0
2.84 1.6212 0
2.85 1.621 0
2.86 1.6208 0
2.87 1.6206 0
2.88 1.6204 0
2.89 1.6202 0
2.9 1.62 0
2.91 1.6199 0
2.92 1.6197 0
2.93 1.6195 0
2.94 1.6193 0
2.95 1.6191 0
2.96 1.6189 0
2.97 1.6187 0
2.98 1.6185 0
2.99 1.6183 0
3 1.6181 0
3.01 1.6179 0
3.02 1.6177 0
3.03 1.6175 0
3.04 1.6173 0
3.05 1.6171 0
3.06 1.6169 0
3.07 1.6167 0
3.08 1.6165 0
3.09 1.6163 1.2223321e-07
3.1 1.6161 1.7650068e-07
3.11 1.6159 1.688209e-07
3.12 1.6157 1.4549151e-07
3.13 1.6155 1.2566563e-07
3.14 1.6153 1.4002473e-07
3.15 1.6151 2.1469689e-07
3.16 1.6148 2.2937152e-07
3.17 1.6146 2.0832043e-07
3.18 1.6144 1.5729439e-07
3.19 1.6142 1.7332335e-07
3.2 1.614 2.1051044e-07
3.21 1.6138 2.7497077e-07
3.22 1.6136 2.8341088e-07
3.23 1.6134 2.5372642e-07
3.24 1.6131 2.4363878e-07
3.25 1.6129 2.6170271e-07
3.26 1.6127 3.2187933e-07
3.27 1.6125 3.9126748e-07
3.28 1.6123 4.0358279e-07
3.29 1.612 3.7230681e-07
3.3 1.6118 3.8429922e-07
3.31 1.6116 4.3637682e-07
3.32 1.6114 5.2370726e-07
3.33 1.6111 5.7431344e-07
3.34 1.6109 6.0768498e-07
3.35 1.6107 5.9670912e-07
3.36 1.6105 6.1853376e-07
3.37 1.6102 7.110933e-07
3.38 1.61 8.4538305e-07
3.39 1.6098 9.2034675e-07
3.4 1.6096 9.7908129e-07
3.41 1.6093 1.0590846e-06
3.42 1.6091 1.1542247e-06
3.43 1.6089 1.2471598e-06
3.44 1.6086 1.4025941e-06
3.45 1.6084 1.5836712e-06
3.46 1.6081 1.7361106e-06
3.47 1.6079 1.9159198e-06
3.48 1.6077 2.161577e-06
3.49 1.6074 2.4819439e-06
3.5 1.6072 2.9163501e-06
3.51 1.607 3.3972044e-06
3.52 1.6067 3.8887412e-06
3.53 1.6065 4.4350167e-06
3.54 1.6062 5.070102e-06
3.55 1.606 5.8114146e-06
3.56 1.6057 6.6809909e-06
3.57 1.6055 7.7045071e-06
3.58 1.6053 8.8569012e-06
3.59 1.605 1.0129809e-05
3.6 1.6048 1.1540318e-05
3.61 1.6045 1.3110314e-05
3.62 1.6043 1.4805611e-05
3.63 1.604 1.6378212e-05
3.64 1.6038 1.7302621e-05
3.65 1.6035 1.7443227e-05
3.66 1.6032 1.715671e-05
3.67 1.603 1.6911475e-05
3.68 1.6027 1.6936819e-05
3.69 1.6025 1.7187329e-05
3.7 1.6022 1.7429251e-05
3.71 1.602 1.7485905e-05
3.72 1.6017 1.7519632e-05
3.73 1.6014 1.7791981e-05
3.74 1.6012 1.8507093e-05
3.75 1.6009 1.9771716e-05
3.76 1.6007 2.1413756e-05
3.77 1.6004 2.3426691e-05
3.78 1.6001 2.5972894e-05
3.79 1.5999 2.8674047e-05
3.8 1.5996 3.0977954e-05
3.81 1.5993 3.278831e-05
3.82 1.5991 3.3616035e-05
3.83 1.5988 3.3016232e-05
3.84 1.5985 3.1316035e-05
3.85 1.5982 2.9313766e-05
3.86 1.598 2.744295e-05
3.87 1.5977 2.518467e-05
3.88 1.5974 2.2184314e-05
3.89 1.5971 1.9169871e-05
3.9 1.5969 1.6482004e-05
3.91 1.5966 1.3885383e-05
3.92 1.5963 1.1418699e-05
3.93 1.596 9.3574779e-06
3.94 1.5957 7.8414553e-06
3.95 1.5955 6.7817359e-06
3.96 1.5952 6.0809869e-06
3.97 1.5949 5.6572263e-06
3.98 1.5946 5.4472945e-06
3.99 1.5943 5.3557525e-06
4 1.594 5.3517684e-06
4.01 1.5938 5.364048e-06
4.02 1.5935 5.3738701e-06
4.03 1.5932 5.3947212e-06
4.04 1.5929 5.4742705e-06
4.05 1.5926 5.6395357e-06
4.06 1.5923 5.894014e-06
4.07 1.592 6.2124228e-06
4.08 1.5917 6.5586329e-06
4.09 1.5914 6.9184432e-06
4.1 1.5911 7.3139431e-06
4.11 1.5908 7.7768161e-06
4.12 1.5905 8.3436338e-06
4.13 1.5902 9.0355602e-06
4.14 1.5899 9.8310472e-06
4.15 1.5896 1.0689528e-05
4.16 1.5893 1.1542117e-05
4.17 1.589 1.2308225e-05
4.18 1.5887 1.2938965e-05
4.19 1.5884 1.3423956e-05
4.2 1.5881 1.3814729e-05
4.21 1.5878 1.418257e-05
4.22 1.5875 1.461689e-05
4.23 1.5871 1.5121219e-05
4.24 1.5868 1.5632655e-05
4.25 1.5865 1.6092291e-05
4.26 1.5862 1.6506558e-05
4.27 1.5859 1.6896028e-05
4.28 1.5856 1.7211091e-05
4.29 1.5853 1.7469823e-05
4.3 1.5849 1.7748025e-05
4.31 1.5846 1.8105202e-05
4.32 1.5843 1.8563622e-05
4.33 1.584 1.9126553e-05
4.34 1.5836 1.975466e-05
4.35 1.5833 2.0381412e-05
4.36 1.583 2.0993206e-05
4.37 1.5827 2.1597701e-05
4.38 1.5823 2.2221991e-05
4.39 1.582 2.2883637e-05
4.4 1.5817 2.3604195e-05
4.41 1.5813 2.4365313e-05
4.42 1.581 2.5122717e-05
4.43 1.5807 2.5825042e-05
4.44 1.5803 2.642769e-05
4.45 1.58 2.7010408e-05
4.46 1.5797 2.7680369e-05
4.47 1.5793 2.8445541e-05
4.48 1.579 2.9273217e-05
4.49 1.5787 3.0134159e-05
4.5 1.5783 3.1000793e-05
4.51 1.578 3.1909848e-05
4.52 1.5776 3.289113e-05
4.53 1.5773 3.3962188e-05
4.54 1.5769 3.5095351e-05
4.55 1.5766 3.6223651e-05
4.56 1.5762 3.7312468e-05
4.57 1.5759 3.8359763e-05
4.58 1.5755 3.9341412e-05
4.59 1.5752 4.0235455e-05
4.6 1.5748 4.1064369e-05
4.61 1.5745 4.1819837e-05
4.62 1.5741 4.2538236e-05
4.63 1.5738 4.3197503e-05
4.64 1.5734 4.377326e-05
4.65 1.573 4.4288949e-05
4.66 1.5727 4.47379e-05
4.67 1.5723 4.5211772e-05
4.68 1.5719 4.5820818e-05
4.69 1.5716 4.6579602e-05
4.7 1.5712 4.7382063e-05
4.71 1.5708 4.810003e-05
4.72 1.5705 4.8705999e-05
4.73 1.5701 4.9211682e-05
4.74 1.5697 4.9669838e-05
4.75 1.5694 5.0202779e-05
4.76 1.569 5.0889347e-05
4.77 1.5686 5.1703548e-05
4.78 1.5682 5.2615734e-05
4.79 1.5679 5.3645816e-05
4.8 1.5675 5.4738314e-05
4.81 1.5671 5.5964585e-05
4.82 1.5667 5.7452644e-05
4.83 1.5663 5.930773e-05
4.84 1.5659 6.1756751e-05
4.85 1.5656 6.5003594e-05
4.86 1.5652 6.9064876e-05
4.87 1.5648 7.3825123e-05
4.88 1.5644 7.8985194e-05
4.89 1.564 8.4323712e-05
4.9 1.5636 8.9841429e-05
4.91 1.5632 9.5269307e-05
4.92 1.5628 9.9694516e-05
4.93 1.5624 0.00010272365
4.94 1.562 0.00010534182
4.95 1.5616 0.000108411
4.96 1.5612 0.00011215556
4.97 1.5608 0.00011659634
4.98 1.5604 0.00012156226
4.99 1.56 0.00012729185
5 1.5596 0.00013400999
5.01 1.5592 0.00014237872
5.02 1.5588 0.00015253423
5.03 1.5584 0.0001650138
5.04 1.5579 0.00018073326
5.05 1.5575 0.00020061184
5.06 1.5571 0.00022531744
5.07 1.5567 0.000255
5.08 1.5563 0.0003
5.09 1.5559 0.0004
5.1 1.5554 0.00055
5.11 1.555 0.00075
5.12 1.5546 0.001
5.13 1.5542 0.00125
5.14 1.5537 0.00145
5.15 1.5533 0.00161
5.16 1.5529 0.001703758
5.17 1.5524 0.001756198
5.18 1.552 0.0017860733
5.19 1.5516 0.0018199218
5.2 1.5511 0.001839416
5.21 1.5507 0.0018533492
5.22 1.5503 0.0018741403
5.23 1.5498 0.0018822125
5.24 1.5494 0.0018992412
5.25 1.5489 0.0019246727
5.26 1.5485 0.0019656345
5.27 1.548 0.0019834956
5.28 1.5476 0.0020091154
5.29 1.5471 0.0020143069
5.3 1.5467 0.0020308277
5.31 1.5462 0.0020116984
5.32 1.5458 0.001995139
5.33 1.5453 0.0019827727
5.34 1.5449 0.0019801506
5.35 1.5444 0.0019732074
5.36 1.5439 0.0019759838
5.37 1.5435 0.0019882176
5.38 1.543 0.0020134875
5.39 1.5425 0.0020605171
5.4 1.5421 0.0020858366
5.41 1.5416 0.0021574499
5.42 1.5411 0.0021281859
5.43 1.5407 0.0021384265
5.44 1.5402 0.0021457878
5.45 1.5397 0.0021406731
5.46 1.5392 0.0021785682
5.47 1.5387 0.0021791237
5.48 1.5383 0.0022836588
5.49 1.5378 0.0023563746
5.5 1.5373 0.0024313155
5.51 1.5368 0.0025363233
5.52 1.5363 0.0026285046
5.53 1.5358 0.0026867735
5.54 1.5353 0.0027648634
5.55 1.5348 0.0028700262
5.56 1.5343 0.002969953
5.57 1.5338 0.0029723829
5.58 1.5333 0.0029416428
5.59 1.5328 0.0030060151
5.6 1.5323 0.0030840606
5.61 1.5318 0.003048128
5.62 1.5313 0.002943581
5.63 1.5308 0.0028912057
5.64 1.5303 0.0029057751
5.65 1.5298 0.0029605119
5.66 1.5293 0.0029512236
5.67 1.5288 0.0028523519
5.68 1.5282 0.0027888177
5.69 1.5277 0.0028481106
5.7 1.5272 0.0029116798
5.71 1.5267 0.0030173138
5.72 1.5261 0.0030219124
5.73 1.5256 0.0030059162
5.74 1.5251 0.0031276524
5.75 1.5246 0.0032464921
5.76 1.524 0.0033376165
5.77 1.5235 0.0034090473
5.78 1.5229 0.0033382379
5.79 1.5224 0.0032766423
5.8 1.5219 0.0032383378
5.81 1.5213 0.0032366617
5.82 1.5208 0.0032838811
5.83 1.5202 0.0032877203
5.84 1.5197 0.0032503866
5.85 1.5191 0.0031952279
5.86 1.5186 0.0030878177
5.87 1.518 0.0029312491
5.88 1.5175 0.0027641114
5.89 1.5169 0.0026760788
5.9 1.5163 0.0026405493
5.91 1.5158 0.0025405862
5.92 1.5152 0.0023220009
5.93 1.5146 0.0021907451
5.94 1.5141 0.0020799057
5.95 1.5135 0.0019698847
5.96 1.5129 0.0018834252
5.97 1.5123 0.0018134422
5.98 1.5118 0.0017537752
5.99 1.5112 0.0017066687
6 1.5106 0.0016663221
6.01 1.51 0.0016378002
6.02 1.5094 0.0016108842
6.03 1.5088 0.0015898989
6.04 1.5082 0.0015702521
6.05 1.5076 0.0015532209
6.06 1.507 0.001533852
6.07 1.5064 0.0015159996
6.08 1.5058 0.0014970247
6.09 1.5052 0.0014809244
6.1 1.5046 0.0014667271
6.11 1.504 0.001452797
6.12 1.5034 0.001437391
6.13 1.5028 0.001423259
6.14 1.5022 0.0014117944
6.15 1.5016 0.0014019594
6.16 1.5009 0.0013912896
6.17 1.5003 0.0013819312
6.18 1.4997 0.0013750937
6.19 1.4991 0.001369816
6.2 1.4984 0.0013653344
6.21 1.4978 0.0013622037
6.22 1.4972 0.0013575737
6.23 1.4965 0.0013561332
6.24 1.4959 0.0013542681
6.25 1.4953 0.0013511499
6.26 1.4946 0.0013493636
6.27 1.494 0.0013502865
6.28 1.4933 0.0013514406
6.29 1.4927 0.0013475545
6.3 1.492 0.0013456154
6.31 1.4913 0.0013475947
6.32 1.4907 0.0013533372
6.33 1.49 0.0013617581
6.34 1.4894 0.001374326
6.35 1.4887 0.0013887791
6.36 1.488 0.0014008842
6.37 1.4873 0.0014197795
6.38 1.4867 0.001440344
6.39 1.486 0.0014597527
6.4 1.4853 0.0014780667
6.41 1.4846 0.0014947566
6.42 1.4839 0.0015102121
6.43 1.4832 0.001525216
6.44 1.4826 0.0015407453
6.45 1.4819 0.001555757
6.46 1.4812 0.0015693919
6.47 1.4805 0.0015809785
6.48 1.4798 0.0015917924
6.49 1.479 0.0016038732
6.5 1.4783 0.0016138741
6.51 1.4776 0.0016178047
6.52 1.4769 0.0016200684
6.53 1.4762 0.0016200879
6.54 1.4755 0.0016185385
6.55 1.4747 0.0016178847
6.56 1.474 0.0016121211
6.57 1.4733 0.0016042598
6.58 1.4726 0.0015945755
6.59 1.4718 0.0015878609
6.6 1.4711 0.0015855975
6.61 1.4703 0.0015840135
6.62 1.4696 0.0015858155
6.63 1.4688 0.0015915612
6.64 1.4681 0.0015964344
6.65 1.4673 0.001605897
6.66 1.4666 0.001617476
6.67 1.4658 0.001632246
6.68 1.465 0.0016496759
6.69 1.4643 0.0016667274
6.7 1.4635 0.0016860616
6.71 1.4627 0.0017073359
6.72 1.462 0.0017306462
6.73 1.4612 0.0017527853
6.74 1.4604 0.0017734706
6.75 1.4596 0.0018000635
6.76 1.4588 0.0018265695
6.77 1.458 0.0018376244
6.78 1.4572 0.0018473946
6.79 1.4564 0.0018559551
6.8 1.4556 0.001863152
6.81 1.4548 0.0018585995
6.82 1.454 0.0018433175
6.83 1.4532 0.0018090418
6.84 1.4524 0.0017977142
6.85 1.4515 0.0017821513
6.86 1.4507 0.0017787083
6.87 1.4499 0.001794549
6.88 1.4491 0.001816482
6.89 1.4482 0.0018461551
6.9 1.4474 0.0018861892
6.91 1.4465 0.0019298435
6.92 1.4457 0.0020093226
6.93 1.4448 0.002095
6.94 1.444 0.00218
6.95 1.4431 0.00227
6.96 1.4423 0.00236
6.97 1.4414 0.00245
6.98 1.4405 0.00254
6.99 1.4396 0.00263
7 1.4388 0.00268
7.01 1.4379 0.00271
7.02 1.437 0.00273
7.03 1.4361 0.0027446069
7.04 1.4352 0.0027537007
7.05 1.4343 0.0027628991
7.06 1.4334 0.0027722049
7.07 1.4325 0.0027816564
7.08 1.4316 0.0027910578
7.09 1.4307 0.0028005731
7.1 1.4298 0.002810233
7.11 1.4288 0.0028199494
7.12 1.4279 0.0028297117
7.13 1.427 0.0028395259
7.14 1.426 0.0028494332
7.15 1.4251 0.0028594944
7.16 1.4242 0.0028695918
7.17 1.4232 0.0028797784
7.18 1.4223 0.0028900307
7.19 1.4213 0.0029004839
7.2 1.4203 0.0029109377
7.21 1.4194 0.0029214932
7.22 1.4184 0.0029321381
7.23 1.4174 0.0029427791
7.24 1.4164 0.002953683
7.25 1.4154 0.002964606
7.26 1.4145 0.002975566
7.27 1.4135 0.0029867506
7.28 1.4125 0.002997906
7.29 1.4115 0.0030092399
7.3 1.4104 0.0030205372
7.31 1.4094 0.003032124
7.32 1.4084 0.0030437861
7.33 1.4074 0.0030553605
7.34 1.4064 0.0030672131
7.35 1.4053 0.0030791942
7.36 1.4043 0.0030910406
7.37 1.4032 0.0031032771
7.38 1.4022 0.0031154652
7.39 1.4011 0.0031278541
7.4 1.4001 0.0031403116
7.41 1.399 0.003152812
7.42 1.3979 0.0031654774
7.43 1.3968 0.0031783077
7.44 1.3958 0.0031911927
7.45 1.3947 0.0032041642
7.46 1.3936 0.0032173978
7.47 1.3925 0.0032306021
7.48 1.3914 0.0032440172
7.49 1.3903 0.0032575994
7.5 1.3892 0.0032711367
7.51 1.388 0.0032849556
7.52 1.3869 0.0032987856
7.53 1.3858 0.0033127889
7.54 1.3846 0.0033269301
7.55 1.3835 0.003341223
7.56 1.3823 0.0033555927
7.57 1.3812 0.0033701657
7.58 1.38 0.0033848683
7.59 1.3788 0.0033996198
7.6 1.3777 0.0034145889
7.61 1.3765 0.0034296273
7.62 1.3753 0.0034449635
7.63 1.3741 0.0034603433
7.64 1.3729 0.0034759153
7.65 1.3717 0.0034915881
7.66 1.3705 0.00350745
7.67 1.3693 0.0035234382
7.68 1.368 0.0035395909
7.69 1.3668 0.0035558843
7.7 1.3656 0.0035723691
7.71 1.3643 0.0035890253
7.72 1.3631 0.0036057956
7.73 1.3618 0.0036226332
7.74 1.3605 0.0036398775
7.75 1.3592 0.0036571853
7.76 1.358 0.0036744899
7.77 1.3567 0.0036922346
7.78 1.3554 0.0037100976
7.79 1.3541 0.0037279996
7.8 1.3528 0.0037462389
7.81 1.3514 0.0037645829
7.82 1.3501 0.0037831026
7.83 1.3488 0.0038017873
7.84 1.3474 0.0038208051
7.85 1.3461 0.00384
7.86 1.3447 0.0038592006
7.87 1.3434 0.0038787439
7.88 1.342 0.0038984581
7.89 1.3406 0.0039183054
7.9 1.3392 0.0039384251
7.91 1.3378 0.0039587617
7.92 1.3364 0.0039792842
7.93 1.335 0.0040000993
7.94 1.3336 0.0040210238
7.95 1.3322 0.0040422852
7.96 1.3307 0.0040636568
7.97 1.3293 0.0040853355
7.98 1.3278 0.0041072733
7.99 1.3264 0.00412934
8 1.3249 0.0041516065
8.01 1.3234 0.0041743004
8.02 1.3219 0.0041972057
8.03 1.3204 0.0042202387
8.04 1.3189 0.004243448
8.05 1.3174 0.0042671363
8.06 1.3158 0.0042910428
8.07 1.3143 0.0043151121
8.08 1.3128 0.0043395452
8.09 1.3112 0.0043641581
8.1 1.3096 0.0043890718
8.11 1.3081 0.0044143178
8.12 1.3065 0.004439732
8.13 1.3049 0.004465553
8.14 1.3033 0.0044916859
8.15 1.3016 0.0045178635
8.16 1.3 0.004544676
8.17 1.2984 0.0045717953
8.18 1.2967 0.0045989982
8.19 1.2951 0.0046266004
8.2 1.2934 0.0046545518
8.21 1.2917 0.0046826289
8.22 1.29 0.0047113297
8.23 1.2883 0.0047400535
8.24 1.2866 0.0047695848
8.25 1.2849 0.0047991333
8.26 1.2831 0.0048290393
8.27 1.2814 0.0048592655
8.28 1.2796 0.0048900769
8.29 1.2778 0.0049209949
8.3 1.276 0.0049523307
8.31 1.2742 0.0049842387
8.32 1.2724 0.0050162706
8.33 1.2706 0.0050490642
8.34 1.2688 0.0050819284
8.35 1.2669 0.0051154692
8.36 1.2651 0.0051491471
8.37 1.2632 0.0051833368
8.38 1.2613 0.0052180524
8.39 1.2594 0.0052529238
8.4 1.2575 0.005288481
8.41 1.2555 0.0053246091
8.42 1.2536 0.0053610447
8.43 1.2516 0.0053979193
8.44 1.2497 0.005435293
8.45 1.2477 0.0054731134
8.46 1.2457 0.0055115443
8.47 1.2437 0.00555021
8.48 1.2416 0.0055894348
8.49 1.2396 0.0056292879
8.5 1.2375 0.0056697779
8.51 1.2354 0.0057108961
8.52 1.2333 0.0057522012
8.53 1.2312 0.0057943402
8.54 1.2291 0.005836858
8.55 1.227 0.0058800152
8.56 1.2248 0.0059238893
8.57 1.2226 0.0059680027
8.58 1.2204 0.0060130465
8.59 1.2182 0.0060583946
8.6 1.216 0.0061045586
8.61 1.2137 0.0061514222
8.62 1.2115 0.0061990502
8.63 1.2092 0.0062473429
8.64 1.2069 0.006296173
8.65 1.2046 0.0063457548
8.66 1.2022 0.0063959573
8.67 1.1999 0.0064469768
8.68 1.1975 0.006498338
8.69 1.1951 0.0065509439
8.7 1.1927 0.0066042464
8.71 1.1902 0.0066582223
8.72 1.1878 0.00671304
8.73 1.1853 0.0067687984
8.74 1.1828 0.0068249956
8.75 1.1803 0.0068823796
8.76 1.1777 0.0069406055
8.77 1.1752 0.0069998626
8.78 1.1726 0.0070596976
8.79 1.17 0.0071206216
8.8 1.1673 0.0071822808
8.81 1.1647 0.0072448807
8.82 1.162 0.0073090187
8.83 1.1593 0.0073736724
8.84 1.1566 0.0074395034
8.85 1.1538 0.0075058526
8.86 1.151 0.0075741541
8.87 1.1482 0.0076432272
8.88 1.1454 0.0077130999
8.89 1.1425 0.0077842532
8.9 1.1396 0.0078568781
8.91 1.1367 0.007930329
8.92 1.1338 0.0080052396
8.93 1.1308 0.00808113
8.94 1.1278 0.0081587273
8.95 1.1248 0.0082373323
8.96 1.1217 0.0083172697
8.97 1.1187 0.0083989972
8.98 1.1155 0.0084817522
8.99 1.1124 0.0085662033
9 1.1092 0.008651878
9.01 1.106 0.0087392441
9.02 1.1028 0.0088281365
9.03 1.0995 0.0089184898
9.04 1.0962 0.0090105091
9.05 1.0928 0.009103916
9.06 1.0894 0.0091995283
9.07 1.086 0.0092969649
9.08 1.0826 0.0093957487
9.09 1.0791 0.0094969721
9.1 1.0755 0.0095995762
9.11 1.072 0.0097042912
9.12 1.0684 0.0098112557
9.13 1.0647 0.009920412
9.14 1.061 0.010030961
9.15 1.0573 0.010144755
9.16 1.0535 0.010260072
9.17 1.0497 0.010377879
9.18 1.0458 0.010498245
9.19 1.0419 0.01062027
9.2 1.038 0.010745857
9.21 1.034 0.010873321
9.22 1.03 0.01100367
9.23 1.0259 0.011137002
9.24 1.0217 0.011273391
9.25 1.0175 0.011411708
9.26 1.0133 0.011553192
9.27 1.009 0.011699336
9.28 1.0046 0.011847162
9.29 1.0002 0.011998677
9.3 0.99575 0.01215432
9.31 0.99123 0.012312107
9.32 0.98665 0.012473521
9.33 0.98201 0.012640114
9.34 0.9773 0.012809977
9.35 0.97253 0.012985041
9.36 0.9677 0.013163547
9.37 0.9628 0.013344971
9.38 0.95784 0.013532014
9.39 0.9528 0.013723496
9.4 0.94769 0.013920552
9.41 0.94251 0.014123047
9.42 0.93725 0.014328886
9.43 0.93192 0.014540822
9.44 0.92651 0.014758898
9.45 0.92101 0.014982767
9.46 0.91544 0.015212879
9.47 0.90977 0.015448027
9.48 0.90402 0.015690803
9.49 0.89818 0.015940663
9.5 0.89225 0.01619774
9.51 0.88622 0.016463168
9.52 0.88009 0.016734869
9.53 0.87386 0.017014776
9.54 0.86752 0.017303491
9.55 0.86108 0.017600597
9.56 0.85452 0.017909028
9.57 0.84785 0.018224708
9.58 0.84106 0.01855414
9.59 0.83415 0.018892291
9.6 0.82711 0.019242526
9.61 0.81995 0.01960371
9.62 0.81264 0.019977438
9.63 0.80519 0.020365688
9.64 0.7976 0.020766515
9.65 0.78986 0.021183769
9.66 0.78196 0.021616674
9.67 0.7739 0.022064111
9.68 0.76567 0.022533365
9.69 0.75726 0.023017893
9.7 0.74866 0.023524581
9.71 0.73988 0.024053219
9.72 0.73089 0.024601724
9.73 0.7217 0.025179899
9.74 0.71229 0.025781135
9.75 0.70264 0.02641144
9.76 0.69276 0.027074216
9.77 0.68262 0.027767808
9.78 0.67222 0.028498369
9.79 0.66153 0.029269879
9.8 0.65055 0.030081249
9.81 0.63925 0.030940667
9.82 0.62762 0.031846409
9.83 0.61564 0.032813214
9.84 0.60327 0.03384045
9.85 0.59051 0.034935317
9.86 0.57731 0.036109635
9.87 0.56364 0.037361838
9.88 0.54948 0.03872119
9.89 0.53476 0.040184036
9.9 0.51946 0.04177378
9.91 0.50351 0.043511205
9.92 0.48685 0.045420107
9.93 0.4694 0.047512405
9.94 0.45107 0.049840092
9.95 0.43175 0.052476798
9.96 0.41132 0.055411115
9.97 0.3896 0.05880007
9.98 0.36641 0.062734193
9.99 0.34148 0.067328354
10 0.3145 0.072841523
10.01 0.28514 0.079609701
10.02 0.25274 0.088146886
10.03 0.21717 0.099259079
10.04 0.17936 0.11418528
10.05 0.14345 0.13459649
10.06 0.11556 0.18496083
10.07 0.096902 0.2251612
10.081 0.084637 0.2631516
10.091 0.076207 0.29834197
10.101 0.070113 0.33103234
10.111 0.065518 0.36163271
10.121 0.061937 0.39051309
10.132 0.059075 0.41798351
10.142 0.056741 0.44427389
10.152 0.054808 0.46957427
10.163 0.053187 0.4940347
10.173 0.051816 0.51776509
10.183 0.050647 0.54086548
10.194 0.049645 0.56343591
10.204 0.048784 0.58553631
10.215 0.048041 0.60721675
10.225 0.047401 0.62854715
10.235 0.04685 0.64955756
10.246 0.046376 0.67029801
10.256 0.045972 0.69078842
10.267 0.045629 0.71107888
10.277 0.045342 0.73117929
10.288 0.045105 0.75112975
10.299 0.044915 0.77095022
10.309 0.044767 0.79065064
10.32 0.044658 0.81026112
10.331 0.044587 0.82980159
10.341 0.044549 0.84929202
10.352 0.044545 0.8687325
10.363 0.044572 0.88815299
10.373 0.044628 0.90755343
10.384 0.044713 0.92696392
10.395 0.044826 0.94639442
10.406 0.044966 0.96585491
10.417 0.045132 0.98535541
10.428 0.045325 1.0049559
10.438 0.045543 1.0245564
10.449 0.045786 1.0442569
10.46 0.046055 1.0640574
10.471 0.046348 1.0838579
10.482 0.046668 1.1039584
10.493 0.047013 1.124059
10.504 0.047383 1.1442595
10.515 0.04778 1.16466
10.526 0.048204 1.1852606
10.537 0.048655 1.2060611
10.549 0.049134 1.2269617
10.56 0.049641 1.2480622
10.571 0.050178 1.2693628
10.582 0.050745 1.2909633
10.593 0.051343 1.3127639
10.604 0.051974 1.3347645
10.616 0.052638 1.3570651
10.627 0.053337 1.3796656
10.638 0.054072 1.4024662
10.65 0.054846 1.4256668
10.661 0.055659 1.4491674
10.672 0.056513 1.472968
10.684 0.057411 1.4971686
10.695 0.058355 1.5217692
10.707 0.059346 1.5467699
10.718 0.060388 1.5721705
10.73 0.061483 1.5979711
10.741 0.062635 1.6242717
10.753 0.063846 1.6510724
10.764 0.065119 1.678373
10.776 0.06646 1.7061737
10.787 0.067872 1.7345743
10.799 0.069359 1.763675
10.811 0.070927 1.7932757
10.823 0.072581 1.8235764
10.834 0.074326 1.854577
10.846 0.07617 1.8862777
10.858 0.07812 1.9188784
10.87 0.080183 1.9521792
10.881 0.082367 1.9864798
10.893 0.084684 2.0215805
10.905 0.087142 2.0577813
10.917 0.089754 2.094982
10.929 0.092533 2.1332827
10.941 0.095494 2.1727835
10.953 0.098651 2.2135842
10.965 0.10202 2.255685
10.977 0.10563 2.2991857
10.989 0.1095 2.3442865
11.001 0.11366 2.3910872
11.013 0.11812 2.439588
11.025 0.12294 2.4899888
11.038 0.12814 2.5424896
11.05 0.13377 2.5971904
11.062 0.13988 2.6543912
11.074 0.14653 2.714092
11.086 0.15379 2.7766928
11.099 0.16174 2.8424937
11.111 0.17046 2.9115945
11.123 0.18008 2.9844953
11.136 0.19072 3.0614962
11.148 0.20255 3.143097
11.161 0.21574 3.2296979
11.173 0.23054 3.3219988
11.186 0.24724 3.4206997
11.198 0.26618 3.5266005
11.211 0.28782 3.6405015
11.223 0.31272 3.7638023
11.236 0.34161 3.8976032
11.249 0.37544 4.0438042
11.261 0.41547 4.2042051
11.274 0.4634 4.381606
11.287 0.52158 4.578907
11.299 0.59332 4.8002079
11.312 0.68339 5.0506089
11.325 0.79894 5.3366098
11.338 0.95097 5.6664108
11.351 1.1571 6.0503118
11.364 1.4467 6.5003128
11.377 1.8707 7.0261138
11.39 2.5192 7.6207148
11.403 3.5439 8.2097158
11.416 5.12 8.5115169
11.429 7.0836 7.9142179
11.442 8.4592 6.2006189
11.455 8.6617 4.33132
11.468 8.2226 2.992921
11.481 7.6405 2.1443221
11.494 7.094 1.6038232
11.507 6.6215 1.2455242
11.521 6.2205 0.99763539
11.534 5.8798 0.81918647
11.547 5.5881 0.68637756
11.561 5.3359 0.58471875
11.574 5.1157 0.50501985
11.587 4.9218 0.44128097
11.601 4.7496 0.38941217
11.614 4.5956 0.3465633
11.628 4.4568 0.31071452
11.641 4.3311 0.28037566
11.655 4.2166 0.25443689
11.669 4.1117 0.23206814
11.682 4.0153 0.2126093
11.696 3.9263 0.19558056
11.71 3.8438 0.18056183
11.723 3.767 0.16725301
11.737 3.6955 0.15538429
11.751 3.6285 0.14475558
11.765 3.5658 0.13518688
11.779 3.5068 0.12654819
11.792 3.4511 0.11869941
11.806 3.3986 0.11157074
11.82 3.349 0.10504207
11.834 3.3019 0.099074407
11.848 3.2572 0.093586755
11.862 3.2146 0.088531112
11.876 3.1741 0.083862476
11.891 3.1355 0.079540948
11.905 3.0986 0.07553033
11.919 3.0633 0.071802721
11.933 3.0295 0.06833012
11.947 2.9971 0.065088527
11.962 2.966 0.062060044
11.976 2.9361 0.059223469
11.99 2.9074 0.056562903
12.005 2.8797 0.054065449
12.019 2.8531 0.0517169
12.034 2.8274 0.049505464
12.048 2.8026 0.047419934
12.063 2.7786 0.045452517
12.077 2.7554 0.043594004
12.092 2.733 0.041836607
12.107 2.7113 0.040172221
12.121 2.6903 0.038596735
12.136 2.6699 0.037102368
12.151 2.6501 0.03568401
12.165 2.6309 0.034337552
12.18 2.6122 0.033058214
12.195 2.5941 0.031841887
12.21 2.5765 0.030684569
12.225 2.5593 0.029582262
12.24 2.5426 0.028533965
12.255 2.5264 0.027534678
12.27 2.5105 0.026582402
12.285 2.4951 0.025674135
12.3 2.48 0.02480788
12.315 2.4653 0.023981634
12.33 2.451 0.023192399
12.346 2.4369 0.022440293
12.361 2.4232 0.02172108
12.376 2.4098 0.021034877
12.392 2.3967 0.020378805
12.407 2.3839 0.019752624
12.422 2.3714 0.019154453
12.438 2.3591 0.018582416
12.453 2.3471 0.018036267
12.469 2.3353 0.017514253
12.484 2.3238 0.017015126
12.5 2.3125 0.016538136
12.516 2.3014 0.016082158
12.531 2.2905 0.015647064
12.547 2.2798 0.01523011
12.563 2.2693 0.014832167
12.579 2.259 0.014452237
12.594 2.2489 0.014089189
12.61 2.2389 0.013741283
12.626 2.2291 0.013409389
12.642 2.2195 0.013092508
12.658 2.2101 0.012789639
12.674 2.2008 0.012499782
12.69 2.1916 0.012222938
12.706 2.1826 0.011958106
12.723 2.1738 0.011705424
12.739 2.165 0.011464618
12.755 2.1564 0.011233824
12.771 2.1479 0.011013044
12.788 2.1396 0.010802415
12.804 2.1314 0.010600661
12.821 2.1232 0.01040806
12.837 2.1152 0.010224031
12.853 2.1073 0.010048015
12.87 2.0995 0.0098798559
12.887 2.0918 0.0097190109
12.903 2.0842 0.0095651347
12.92 2.0767 0.0094180177
12.937 2.0693 0.0092773152
12.953 2.062 0.009142479
12.97 2.0548 0.0090136046
12.987 2.0476 0.0088901447
13.004 2.0405 0.0087719993
13.021 2.0336 0.0086588686
13.038 2.0266 0.0085504524
13.055 2.0198 0.0084464508
13.072 2.013 0.0083468639
13.089 2.0063 0.0082513917
13.106 1.9997 0.0081597342
13.123 1.9932 0.0080718913
13.141 1.9867 0.0079877208
13.158 1.9802 0.0079067084
13.175 1.9739 0.0078290106
13.193 1.9675 0.007754588
13.21 1.9613 0.0076828208
13.228 1.9551 0.0076141305
13.245 1.9489 0.0075478938
13.263 1.9428 0.007484436
13.28 1.9368 0.00742323
13.298 1.9308 0.0073646046
13.316 1.9248 0.0073082959
13.333 1.9189 0.0072539365
13.351 1.9131 0.0072018605
13.369 1.9072 0.0071518012
13.387 1.9015 0.0071036588
13.405 1.8957 0.0070574333
13.423 1.89 0.0070130246
13.441 1.8843 0.0069703328
13.459 1.8787 0.0069293579
13.477 1.8731 0.0068899999
13.495 1.8676 0.0068523589
13.514 1.862 0.0068163117
13.532 1.8565 0.0067817056
13.55 1.8511 0.0067485164
13.569 1.8456 0.006717024
13.587 1.8402 0.0066866698
13.605 1.8349 0.0066577326
13.624 1.8295 0.0066302951
13.643 1.8242 0.0066041767
13.661 1.8189 0.0065791926
13.68 1.8136 0.0065557112
13.699 1.8083 0.0065333489
13.717 1.8031 0.006512118
13.736 1.7978 0.0064922928
13.755 1.7926 0.0064735868
13.774 1.7875 0.0064560998
13.793 1.7823 0.0064398319
13.812 1.7771 0.0064245832
13.831 1.772 0.0064105536
13.85 1.7669 0.0063976432
13.87 1.7618 0.0063859476
13.889 1.7567 0.0063752765
13.908 1.7516 0.0063656246
13.928 1.7465 0.0063572906
13.947 1.7414 0.0063497781
13.966 1.7364 0.0063433847
13.986 1.7313 0.0063382124
14.006 1.7263 0.0063340615
14.025 1.7212 0.0063308277
14.045 1.7162 0.0063288183
14.065 1.7112 0.0063278301
14.085 1.7062 0.0063278632
14.104 1.7011 0.0063288094
14.124 1.6961 0.0063308841
14.144 1.6911 0.0063340801
14.164 1.6861 0.0063382973
14.184 1.6811 0.0063435359
14.205 1.6761 0.0063500094
14.225 1.671 0.0063573916
14.245 1.666 0.0063656952
14.265 1.661 0.00637512
14.286 1.656 0.006385784
14.306 1.6509 0.0063973525
14.327 1.6459 0.0064100624
14.347 1.6408 0.0064237745
14.368 1.6358 0.0064386301
14.388 1.6307 0.0064543859
14.409 1.6256 0.0064714872
14.43 1.6205 0.0064897121
14.451 1.6154 0.0065089603
14.472 1.6103 0.0065293319
14.493 1.6052 0.0065508269
14.514 1.6001 0.0065735453
14.535 1.5949 0.0065972871
14.556 1.5898 0.0066222522
14.577 1.5846 0.0066484406
14.599 1.5794 0.0066759868
14.62 1.5742 0.006704523
14.641 1.5689 0.0067342824
14.663 1.5637 0.0067656029
14.684 1.5584 0.0067978099
14.706 1.5531 0.0068315803
14.728 1.5478 0.006866676
14.749 1.5424 0.0069028548
14.771 1.537 0.0069407003
14.793 1.5316 0.0069797711
14.815 1.5262 0.0070203673
14.837 1.5207 0.0070622888
14.859 1.5153 0.0071057355
14.881 1.5097 0.0071506075
14.903 1.5042 0.0071970047
14.925 1.4986 0.0072449271
14.948 1.493 0.0072947274
14.97 1.4873 0.0073459011
14.993 1.4816 0.0073989551
15.015 1.4759 0.0074533801
15.038 1.4702 0.0075098875
15.06 1.4643 0.0075678635
15.083 1.4585 0.0076279242
15.106 1.4526 0.0076898121
15.129 1.4467 0.007753727
15.152 1.4407 0.0078194691
15.175 1.4346 0.0078873381
15.198 1.4286 0.0079572342
15.221 1.4224 0.0080292571
15.244 1.4162 0.0081035069
15.267 1.41 0.0081799834
15.291 1.4037 0.008259057
15.314 1.3974 0.0083403882
15.337 1.3909 0.0084240459
15.361 1.3845 0.0085106041
15.385 1.3779 0.0085997911
15.408 1.3713 0.0086914306
15.432 1.3647 0.0087861738
15.456 1.3579 0.0088837457
15.48 1.3511 0.0089844461
15.504 1.3442 0.009088275
15.528 1.3373 0.0091952323
15.552 1.3302 0.0093056179
15.576 1.3231 0.0094195317
15.601 1.3159 0.0095372593
15.625 1.3086 0.0096585305
15.649 1.3012 0.0097837296
15.674 1.2937 0.0099131459
15.699 1.2861 0.010046892
15.723 1.2785 0.010184777
15.748 1.2707 0.010327482
15.773 1.2628 0.010474918
15.798 1.2548 0.010627482
15.823 1.2467 0.010785177
15.848 1.2385 0.010948501
15.873 1.2301 0.011116954
15.898 1.2217 0.011292437
15.924 1.213 0.01147325
15.949 1.2043 0.011660792
15.974 1.1954 0.011856363
16 1.1864 0.012058268
16.026 1.1772 0.012268204
16.051 1.1679 0.012485863
16.077 1.1584 0.01271186
16.103 1.1487 0.012946887
16.129 1.1389 0.013191944
16.155 1.1289 0.013447032
16.181 1.1187 0.01371215
16.207 1.1083 0.013988298
16.234 1.0976 0.014277792
16.26 1.0868 0.014579001
16.287 1.0757 0.014893557
16.313 1.0644 0.015223826
16.34 1.0529 0.015568445
16.367 1.0411 0.015930095
16.393 1.029 0.016309454
16.42 1.0166 0.016708166
16.447 1.004 0.017126908
16.474 0.99099 0.017568681
16.502 0.97768 0.018034811
16.529 0.96402 0.018526647
16.556 0.94998 0.019047512
16.584 0.93556 0.019599738
16.611 0.92072 0.020186664
16.639 0.90543 0.020811953
16.667 0.88968 0.021480273
16.694 0.87342 0.02219529
16.722 0.85663 0.022964672
16.75 0.83926 0.023795085
16.779 0.82127 0.024693867
16.807 0.80262 0.025671342
16.835 0.78323 0.026740848
16.863 0.76307 0.027915384
16.892 0.74204 0.029214293
16.92 0.72006 0.03065889
16.949 0.69705 0.03227886
16.978 0.67287 0.034108863
17.007 0.6474 0.036194896
17.036 0.62047 0.03859896
17.065 0.59187 0.041401055
17.094 0.56134 0.044715181
17.123 0.52855 0.048703336
17.153 0.49308 0.053608873
17.182 0.45436 0.059816089
17.212 0.41159 0.067976688
17.241 0.36372 0.079286963
17.271 0.30941 0.096180623
17.301 0.24808 0.12393431
17.331 0.18556 0.17141503
17.361 0.13902 0.23720578
17.391 0.11266 0.30408656
17.422 0.09774 0.36470773
17.452 0.088553 0.41936857
17.483 0.082502 0.4693998
17.513 0.078346 0.5158707
17.544 0.075428 0.55959199
17.575 0.07337 0.60112331
17.606 0.071939 0.64090466
17.637 0.070982 0.67924604
17.668 0.070395 0.71640744
17.699 0.070104 0.75258888
17.73 0.070056 0.78797034
17.762 0.070211 0.8226722
17.794 0.070539 0.85681409
17.825 0.071018 0.89050563
17.857 0.071629 0.92383758
17.889 0.07236 0.95686955
17.921 0.073201 0.98969155
17.953 0.074144 1.0223536
17.986 0.075184 1.054966
18.018 0.076319 1.0874781
18.051 0.077547 1.1200906
18.083 0.078868 1.1527027
18.116 0.080285 1.1854152
18.149 0.081801 1.2183278
18.182 0.083419 1.2514404
18.215 0.085146 1.284853
18.248 0.086989 1.3185657
18.282 0.088955 1.3525787
18.315 0.091056 1.3870914
18.349 0.093302 1.4220045
18.382 0.095705 1.4575172
18.416 0.098282 1.4935304
18.45 0.10105 1.5301435
18.484 0.10402 1.5675567
18.519 0.10723 1.6056703
18.553 0.11068 1.6446836
18.587 0.11442 1.6845968
18.622 0.11847 1.7255105
18.657 0.12287 1.7676242
18.692 0.12766 1.8108379
18.727 0.13289 1.8554516
18.762 0.13861 1.9015654
18.797 0.14489 1.9491792
18.832 0.1518 1.9985929
18.868 0.15943 2.0500071
18.904 0.16789 2.1035214
18.939 0.17729 2.1593352
18.975 0.1878 2.2178495
19.011 0.19958 2.2793637
19.048 0.21286 2.3440784
19.084 0.22791 2.4124927
19.12 0.24506 2.4850071
19.157 0.26474 2.5622218
19.194 0.28748 2.6448366
19.231 0.31395 2.7334513
19.268 0.34505 2.8289661
19.305 0.38195 2.9324809
19.342 0.42621 3.0452957
19.38 0.47997 3.1688109
19.417 0.54618 3.3047257
19.455 0.62905 3.455041
19.493 0.73459 3.6215562
19.531 0.87169 3.8060715
19.569 1.0535 4.0084868
19.608 1.2995 4.2249024
19.646 1.6373 4.4409177
19.685 2.1005 4.6193334
19.724 2.7102 4.6806491
19.763 3.4199 4.5033648
19.802 4.0589 4.0091805
19.841 4.4247 3.3007963
19.881 4.4804 2.5945124
19.92 4.3361 2.0210281
19.96 4.1049 1.5961442
20 3.851 1.2898604
20.04 3.6021 1.0688765
20.08 3.3676 0.90767263
20.121 3.1491 0.78904917
20.161 2.9448 0.7015553
20.202 2.7519 0.63778183
20.243 2.5672 0.59314836
20.284 2.3876 0.56514489
20.325 2.2095 0.55304141
20.367 2.0295 0.55799833
20.408 1.8442 0.58361484
20.45 1.6508 0.63725175
20.492 1.45 0.73181865
20.534 1.2528 0.88537554
20.576 1.0885 1.1091924
20.619 0.99009 1.3892097
20.661 0.96993 1.7005265
20.704 1.0308 2.0307438
20.747 1.188 2.376761
20.79 1.4824 2.7248782
20.833 1.9806 3.0101954
20.877 2.7042 3.044313
20.921 3.4015 2.6066306
20.964 3.6785 1.8950478
21.008 3.5868 1.3035653
21.053 3.3653 0.9177532
21.097 3.1308 0.67570069
21.142 2.9156 0.51950856
21.186 2.7241 0.414576
21.231 2.5531 0.34154382
21.277 2.3982 0.289422
21.322 2.2558 0.25178977
21.368 2.1225 0.2246979
21.413 1.9959 0.20568561
21.459 1.8736 0.19313368
21.505 1.7537 0.18601172
21.552 1.6345 0.18368012
21.598 1.514 0.1858481
21.645 1.3904 0.19265643
21.692 1.2613 0.20481472
21.739 1.124 0.22405298
21.786 0.97477 0.25405119
21.834 0.80977 0.30294976
21.882 0.62977 0.38833828
21.93 0.46082 0.53223677
21.978 0.34709 0.7129952
22.026 0.28311 0.8869636
22.075 0.24542 1.0433823
22.124 0.22139 1.185001
22.173 0.2052 1.3155196
22.222 0.19397 1.4379382
22.272 0.18616 1.5543571
22.321 0.18084 1.6664756
22.371 0.17747 1.7755944
22.422 0.17568 1.8827135
22.472 0.17525 1.9887322
22.523 0.17604 2.0943512
22.573 0.17797 2.2004698
22.624 0.18101 2.3075887
22.676 0.18516 2.4163079
22.727 0.19047 2.5274266
22.779 0.19702 2.6416457
22.831 0.20492 2.7594647
22.883 0.21434 2.8819836
22.936 0.2255 3.0098028
22.989 0.23869 3.1441219
23.041 0.25427 3.2859406
23.095 0.27276 3.43686
23.148 0.29479 3.5983789
23.202 0.32128 3.7726981
23.256 0.35344 3.9621172
23.31 0.39298 4.1700363
23.364 0.44239 4.4003552
23.419 0.50535 4.6584744
23.474 0.5875 4.9515936
23.529 0.69794 5.2893126
23.585 0.85202 5.6846319
23.641 1.0772 6.1552511
23.697 1.4262 6.7218702
23.753 2.0057 7.3965893
23.81 3.0336 8.1129085
23.866 4.816 8.4423273
23.923 6.8942 7.3261464
23.981 7.4752 5.1290657
24.038 6.7027 3.6261846
24.096 5.5872 3.0925037
24.155 4.5611 3.443523
24.213 4.2228 4.6795419
24.272 5.4505 6.111361
24.331 8.1075 5.59638
24.39 8.802 3.1678988
24.45 8.08 1.7605179
24.51 7.3494 1.1201369
24.57 6.7811 0.79167573
24.631 6.3403 0.60021477
24.691 5.989 0.47722338
24.752 5.7009 0.39237218
24.814 5.459 0.33063116
24.876 5.252 0.28385001
24.938 5.072 0.24727873
25 4.9133 0.21794732
25.063 4.7721 0.19395608
25.126 4.6451 0.17398471
25.189 4.5301 0.15713321
25.253 4.4252 0.14274186
25.316 4.3289 0.13033008
25.381 4.24 0.11952874
25.445 4.1576 0.11005697
25.51 4.081 0.10170634
25.575 4.0093 0.094292571
25.641 3.942 0.087681932
25.707 3.8788 0.081761143
25.773 3.819 0.076439204
25.84 3.7625 0.071639386
25.907 3.7088 0.067299413
25.974 3.6578 0.063364285
26.042 3.6091 0.059791266
26.11 3.5625 0.056541087
26.178 3.5179 0.053579749
26.247 3.4751 0.050878508
26.316 3.434 0.048414102
26.385 3.3944 0.046162532
26.455 3.3561 0.044106047
26.525 3.3192 0.042226394
26.596 3.2834 0.040508816
26.667 3.2486 0.038938065
26.738 3.2149 0.037504141
26.81 3.1821 0.036194282
26.882 3.1501 0.034998244
26.954 3.1189 0.03390803
27.027 3.0885 0.032913869
27.1 3.0586 0.032009526
27.174 3.0294 0.031187227
27.248 3.0007 0.030440743
27.322 2.9725 0.029765074
27.397 2.9447 0.029154437
27.473 2.9173 0.028605826
27.548 2.8903 0.02811281
27.624 2.8636 0.027673815
27.701 2.8372 0.027284835
27.778 2.811 0.026943659
27.855 2.785 0.026647287
27.933 2.7591 0.02639292
28.011 2.7333 0.026180353
28.09 2.7077 0.026007783
28.169 2.682 0.025874009
28.249 2.6563 0.025777223
28.329 2.6306 0.025718231
28.409 2.6048 0.025697035
28.49 2.5788 0.025711816
28.571 2.5527 0.025764389
28.653 2.5263 0.025855932
28.736 2.4997 0.025985438
28.818 2.4727 0.026155558
28.902 2.4454 0.026367807
28.986 2.4176 0.026623839
29.07 2.3893 0.026926656
29.155 2.3604 0.027278418
29.24 2.3309 0.027683963
29.326 2.3007 0.028146447
29.412 2.2696 0.02867171
29.499 2.2376 0.029265905
29.586 2.2046 0.029935879
29.674 2.1705 0.030690777
29.762 2.1351 0.031539451
29.851 2.0983 0.032495044
29.94 2.0598 0.033572411
30.03 2.0196 0.03478969
30.12 1.9773 0.036167742
30.211 1.9328 0.037733699
30.303 1.8856 0.039522556
30.395 1.8354 0.041576182
30.488 1.7818 0.043949702
30.581 1.7243 0.046717991
30.675 1.662 0.049976167
30.769 1.5943 0.053863111
30.864 1.5199 0.058569938
30.96 1.4374 0.064388642
31.056 1.3449 0.071774111
31.153 1.2394 0.081497452
31.25 1.1164 0.094999558
31.348 0.96873 0.11539053
31.447 0.78246 0.15111037
31.546 0.53116 0.23628997
31.646 0.27166 0.49391943
31.746 0.1824 0.79852865
31.847 0.15202 1.0516677
31.949 0.13883 1.2791766
32.051 0.13383 1.4965853
32.154 0.13471 1.7148939
32.258 0.14402 1.9445022
32.362 0.19103 2.1944104
32.468 0.29794 2.4783184
32.573 0.56805 2.8164262
32.68 1.254 2.6775338
32.787 0.83414 1.9550412
32.895 0.31741 2.3478484
33.003 0.2383 2.7809554
33.113 0.22898 3.1516623
33.223 0.24216 3.519169
33.333 0.27089 3.9142754
33.445 0.31695 4.3626817
33.557 0.38824 4.8957877
33.67 0.5028 5.5619936
33.784 0.70321 6.4472992
33.898 1.1091 7.7272047
34.014 2.1751 9.8051099
34.13 6.5622 12.934715
34.247 13.378 6.3645199
34.364 10.481 2.0338245
34.483 8.5828 0.99533895
34.602 7.4553 0.60526318
34.722 6.7053 0.41473721
34.843 6.163 0.30653104
34.965 5.7461 0.23926467
35.088 5.4096 0.1958081
35.211 5.1252 0.1683113
35.336 4.8726 0.15300431
35.461 4.6324 0.1498671
35.587 4.3783 0.16679968
35.714 4.0542 0.24184205
35.842 3.5117 0.63825422
35.971 4.5779 2.4416662
36.101 5.3582 0.52495791
36.232 4.8582 0.17347945
36.364 4.5972 0.093100765
36.496 4.4288 0.065052863
36.63 4.3045 0.053068757
36.765 4.2053 0.046329436
36.9 4.1222 0.041563898
37.037 4.0503 0.037860149
37.175 3.9869 0.034848185
37.313 3.93 0.032325008
37.453 3.8783 0.030165615
37.594 3.8311 0.028290006
37.736 3.7876 0.026641182
37.879 3.7473 0.025178144
38.023 3.7097 0.02386989
38.168 3.6746 0.022693422
38.314 3.6417 0.02162974
38.462 3.6107 0.020663831
38.61 3.5814 0.019783722
38.76 3.5537 0.018978385
38.911 3.5275 0.018239834
39.062 3.5026 0.017561089
39.216 3.4789 0.016936094
39.37 3.4563 0.016358908
39.526 3.4347 0.01582449
39.683 3.414 0.01533026
39.841 3.3942 0.014871622
40 3.3753 0.014445575
40.161 3.3571 0.014049294
40.323 3.3396 0.013680507
40.486 3.3228 0.013336813
40.65 3.3066 0.013016216
40.816 3.291 0.012716886
40.984 3.2759 0.01243712
41.152 3.2614 0.012175486
41.322 3.2473 0.011930518
41.494 3.2337 0.011701017
41.667 3.2206 0.011485818
41.841 3.2079 0.011283723
42.017 3.1955 0.011093897
42.194 3.1835 0.010915277
42.373 3.1719 0.010747127
42.553 3.1607 0.010588587
42.735 3.1497 0.010438819
42.918 3.1391 0.010297364
43.103 3.1287 0.010163483
43.29 3.1186 0.010036475
43.478 3.1088 0.0099158868
43.668 3.0993 0.0098012747
43.86 3.09 0.0096920399
44.053 3.0809 0.0095878299
44.248 3.0721 0.0094883005
44.444 3.0635 0.0093929006
44.643 3.0551 0.0093014365
44.843 3.0469 0.0092136057
45.045 3.0388 0.0091289619
45.249 3.031 0.0090474066
45.455 3.0233 0.0089685415
45.662 3.0159 0.0088924194
45.872 3.0085 0.0088185405
46.083 3.0014 0.0087468094
46.296 2.9944 0.008677177
46.512 2.9875 0.0086093926
46.729 2.9808 0.0085432637
46.948 2.9742 0.0084788401
47.17 2.9678 0.0084157701
47.393 2.9615 0.008354264
47.619 2.9553 0.0082939158
47.847 2.9493 0.0082347822
48.077 2.9433 0.0081768659
48.309 2.9375 0.0081199697
48.544 2.9318 0.0080640404
48.78 2.9262 0.0080090927
49.02 2.9207 0.0079549607
49.261 2.9153 0.0079017164
49.505 2.91 0.0078493496
49.751 2.9048 0.00779762
50 2.8997 0.0077466734
50.251 2.8946 0.0076963702
50.505 2.8897 0.007646756
50.761 2.8849 0.0075976916
51.02 2.8801 0.0075493225
51.282 2.8754 0.0075013519
51.546 2.8708 0.007454041
51.813 2.8663 0.0074072353
52.083 2.8619 0.0073608382
52.356 2.8575 0.0073149532
52.632 2.8532 0.0072694838
52.91 2.849 0.0072243919
53.191 2.8448 0.007179823
53.476 2.8407 0.0071355227
53.763 2.8367 0.0070917111
54.054 2.8327 0.0070480758
54.348 2.8288 0.007004879
54.645 2.825 0.0069620247
54.945 2.8212 0.0069194168
55.249 2.8175 0.0068771017
55.556 2.8138 0.0068351415
55.866 2.8102 0.0067934404
56.18 2.8066 0.0067519451
56.497 2.8031 0.0067107176
56.818 2.7997 0.0066697049
57.143 2.7963 0.0066289118
57.471 2.7929 0.0065883
57.803 2.7896 0.0065480171
58.14 2.7864 0.0065077115
58.48 2.7832 0.0064677014
58.824 2.78 0.0064279351
59.172 2.7769 0.0063883177
59.524 2.7738 0.0063488541
59.88 2.7708 0.0063095495
60.241 2.7678 0.0062703538
60.606 2.7649 0.0062312278
60.976 2.762 0.006192322
61.35 2.7591 0.0061535968
61.728 2.7563 0.0061149574
62.112 2.7535 0.0060763011
62.5 2.7508 0.0060379422
62.893 2.7481 0.0059995325
63.291 2.7454 0.0059613781
63.694 2.7428 0.0059231851
64.103 2.7402 0.0058851073
64.516 2.7376 0.0058471557
64.935 2.7351 0.0058092322
65.359 2.7326 0.0057714952
65.789 2.7301 0.0057336998
66.225 2.7277 0.0056960531
66.667 2.7253 0.0056584622
67.114 2.7229 0.0056208843
67.568 2.7206 0.0055834261
68.027 2.7183 0.0055459942
68.493 2.716 0.005508597
68.966 2.7138 0.0054712426
69.444 2.7116 0.0054340352
69.93 2.7094 0.0053967378
70.423 2.7073 0.0053595069
70.922 2.7051 0.0053222972
71.429 2.703 0.0052852229
71.942 2.701 0.0052480849
72.464 2.6989 0.0052110535
72.993 2.6969 0.0051739291
73.529 2.6949 0.0051369195
74.074 2.6929 0.0050999439
74.627 2.691 0.0050629564
75.188 2.6891 0.0050259657
75.758 2.6872 0.0049890376
76.336 2.6853 0.0049521245
76.923 2.6835 0.0049151929
77.519 2.6817 0.0048783526
78.125 2.6799 0.0048414722
78.74 2.6781 0.0048046032
79.365 2.6763 0.0047677147
80 2.6746 0.0047308374
80.645 2.6729 0.0046939817
81.301 2.6712 0.0046571094
81.967 2.6696 0.0046202801
82.645 2.6679 0.0045834085
83.333 2.6663 0.0045465815
84.034 2.6647 0.0045096985
84.746 2.6631 0.0044728559
85.47 2.6616 0.0044360083
86.207 2.66 0.0043991423
86.957 2.6585 0.0043622709
87.719 2.657 0.0043254313
88.496 2.6555 0.0042885329
89.286 2.6541 0.0042516479
90.09 2.6526 0.0042147752
90.909 2.6512 0.0041778755
91.743 2.6498 0.0041409633
92.593 2.6484 0.004104031
93.458 2.6471 0.0040671149
94.34 2.6457 0.0040301572
95.238 2.6444 0.0039932238
96.154 2.6431 0.0039562498
97.087 2.6418 0.0039192907
98.039 2.6405 0.003882294
99.01 2.6392 0.003845277
100 2.638 0.0038082564
101.01 2.6368 0.0037712212
102.04 2.6356 0.0037341888
103.09 2.6344 0.0036971759
104.17 2.6332 0.0036599301
105.26 2.632 0.0036229993
106.38 2.6309 0.0035858758
107.53 2.6297 0.0035485882
108.7 2.6286 0.0035114046
109.89 2.6275 0.0034743384
111.11 2.6265 0.0034371714
112.36 2.6254 0.0033999293
113.64 2.6243 0.0033626372
114.94 2.6233 0.003325527
116.28 2.6223 0.0032881825
117.65 2.6213 0.0032508583
119.05 2.6203 0.0032135664
120.48 2.6193 0.0031763277
121.95 2.6183 0.0031389664
123.46 2.6174 0.0031015147
125 2.6165 0.0030641908
126.58 2.6155 0.0030268189
128.21 2.6146 0.0029892589
129.87 2.6137 0.0029519005
131.58 2.6129 0.0029144163
133.33 2.612 0.0028769906
135.14 2.6111 0.0028393423
136.99 2.6103 0.0028018251
138.89 2.6095 0.0027643158
140.85 2.6087 0.0027266757
142.86 2.6079 0.0026891131
144.93 2.6071 0.002651494
147.06 2.6063 0.0026138667
149.25 2.6056 0.0025762676
151.52 2.6048 0.0025384588
153.85 2.6041 0.0025007604
156.25 2.6034 0.0024630789
158.73 2.6027 0.0024253233
161.29 2.602 0.0023875513
163.93 2.6013 0.0023497883
166.67 2.6006 0.0023118772
169.49 2.6 0.0022740813
172.41 2.5993 0.0022362417
175.44 2.5987 0.0021982932
178.57 2.5981 0.002160403
181.82 2.5975 0.0021224326
185.19 2.5969 0.0020844454
188.68 2.5963 0.0020465006
192.31 2.5957 0.0020084864
196.08 2.5951 0.0019704621
200 2.5946 0.0019324151
204.08 2.5941 0.0018943594
208.33 2.5935 0.0018562656
212.77 2.593 0.0018180913
217.39 2.5925 0.0017799887
222.22 2.592 0.0017418292
227.27 2.5915 0.0017036313
232.56 2.5911 0.0016653989
238.1 2.5906 0.001627144
243.9 2.5902 0.0015889201
250 2.5897 0.001550621
256.41 2.5893 0.0015123234
263.16 2.5889 0.0014739816
270.27 2.5885 0.0014356398
277.78 2.5881 0.0013972559
285.71 2.5877 0.0013588774
294.12 2.5874 0.0013204279
303.03 2.587 0.0012819939
312.5 2.5867 0.00124352
322.58 2.5863 0.0012050307
333.33 2.586 0.0011665289
344.83 2.5857 0.0011279659
357.14 2.5854 0.0010894254
370.37 2.5851 0.0010508285
384.62 2.5848 0.0010122108
400 2.5846 0.00097358824
416.67 2.5843 0.00093492433
434.78 2.5841 0.00089625239
454.55 2.5838 0.00085754404
476.19 2.5836 0.00081882106
500 2.5834 0.00078006622
526.32 2.5832 0.00074129415
555.56 2.583 0.00070249466
588.24 2.5828 0.00066367304
625 2.5826 0.00062483383
666.67 2.5825 0.0005859575
714.29 2.5823 0.00054706441
769.23 2.5822 0.00050814928
833.33 2.582 0.00046920907
909.09 2.5819 0.00043024185
1000 2.5818 0.00039125119

