0.08 1.2095608 0.91175142
0.081 1.2364706 0.91336647
0.082 1.2601208 0.90907031
0.083 1.2834766 0.89965109
0.084 1.2949497 0.88385058
0.085 1.3048543 0.86784959
0.086 1.3090047 0.86078241
0.087 1.3066762 0.86175722
0.088 1.3055446 0.87152701
0.089 1.3056346 0.88902542
0.09 1.3102837 0.90709207
0.091 1.327033 0.92497452
0.092 1.3561295 0.93384338
0.093 1.3944608 0.94271223
0.094 1.4176017 0.9445526
0.095 1.4402352 0.94244914
0.096 1.4586792 0.94296743
0.097 1.4720787 0.94664269
0.098 1.4854781 0.95122441
0.099 1.5101997 0.95663668
0.1 1.5419271 0.95899347
0.101 1.573607 0.95495032
0.102 1.6052083 0.95073044
0.103 1.6368096 0.93898994
0.104 1.6628971 0.92724944
0.105 1.6878759 0.91123281
0.106 1.709432 0.88901365
0.107 1.7250719 0.8667945
0.108 1.7407117 0.84381768
0.109 1.7519841 0.81986741
0.11 1.754617 0.80555454
0.111 1.7572499 0.79613681
0.112 1.7598828 0.78671907
0.113 1.7624037 0.78028696
0.114 1.7648646 0.77808138
0.115 1.7673255 0.77587581
0.116 1.7697864 0.77367024
0.117 1.7808224 0.76994892
0.118 1.7953603 0.760064
0.119 1.8100243 0.75017908
0.12 1.8257848 0.73752559
0.121 1.8415453 0.72275878
0.122 1.8568538 0.70799197
0.123 1.8678838 0.6928755
0.124 1.8789139 0.67745301
0.125 1.8811403 0.66203053
0.126 1.8752648 0.64633309
0.127 1.8691569 0.63061596
0.128 1.8615979 0.63015527
0.129 1.8540388 0.63274089
0.13 1.8470044 0.63909728
0.131 1.8574495 0.64554189
0.132 1.8678945 0.64633154
0.133 1.8793687 0.63871255
0.134 1.8911676 0.62644809
0.135 1.8911837 0.61756746
0.136 1.887303 0.60980595
0.137 1.8821315 0.60640994
0.138 1.8743308 0.61190693
0.139 1.86653 0.62149898
0.14 1.8587293 0.6502715
0.141 1.8726683 0.68845928
0.142 1.8953059 0.71682508
0.143 1.9363466 0.73323769
0.144 1.9810926 0.73553549
0.145 2.0394406 0.73783329
0.146 2.1049337 0.72383577
0.147 2.1575272 0.66646649
0.148 2.1972678 0.59914068
0.149 2.2304074 0.52709024
0.15 2.2396888 0.40832334
0.151 2.2489702 0.26140798
0.152 2.2493389 0.15993038
0.153 2.240446 0.074176614
0.154 2.2315531 0.042088307
0.155 2.2114548 0.01
0.156 2.1893454 0.003
0.157 2.167236 0.001
0.158 2.1507178 0.0003
0.159 2.1372691 0.0001
0.16 2.1238204 4e-05
0.161 2.1103717 2e-05
0.162 2.0969229 1.2e-05
0.163 2.0843188 9e-06
0.164 2.0733799 7e-06
0.165 2.062441 6e-06
0.166 2.051502 5.5e-06
0.167 2.0405631 5.2e-06
0.168 2.0296242 4.900004e-06
0.169 2.0191044 4.6781661e-06
0.17 2.0116532 4.5359187e-06
0.171 2.004202 4.4007723e-06
0.172 1.9967508 4.2772632e-06
0.173 1.9892996 4.1643041e-06
0.174 1.9818484 4.0587474e-06
0.175 1.9743973 3.9498162e-06
0.176 1.967544 3.8522418e-06
0.177 1.9615516 3.7595375e-06
0.178 1.9555593 3.6654336e-06
0.179 1.9495669 3.5760902e-06
0.18 1.9435746 3.4930212e-06
0.181 1.9375823 3.4262193e-06
0.182 1.9315899 3.3534931e-06
0.183 1.9255976 3.2883952e-06
0.184 1.9196052 3.2387843e-06
0.185 1.914039 3.1769899e-06
0.186 1.9098873 3.126018e-06
0.187 1.9057357 3.1014485e-06
0.188 1.901584 3.0764095e-06
0.189 1.8974324 3.0520637e-06
0.19 1.8932807 3.0397182e-06
0.191 1.8891291 3.0222808e-06
0.192 1.8849774 2.9941766e-06
0.193 1.8808258 2.9768491e-06
0.194 1.8766741 2.9536362e-06
0.195 1.8725225 2.923465e-06
0.196 1.8683708 2.8780204e-06
0.197 1.8642192 2.8281163e-06
0.198 1.8600675 2.7719467e-06
0.199 1.8559159 2.696638e-06
0.2 1.8517642 2.6137057e-06
0.201 1.8476126 2.52149e-06
0.202 1.8440004 2.4137476e-06
0.203 1.841304 2.2957869e-06
0.204 1.8386076 2.1745371e-06
0.205 1.8359112 2.0501733e-06
0.206 1.8332148 1.9128652e-06
0.207 1.8305184 1.7870308e-06
0.208 1.827822 1.671759e-06
0.209 1.8251256 1.5519419e-06
0.21 1.8224291 1.4283282e-06
0.211 1.8197327 1.3259327e-06
0.212 1.8170363 1.2178962e-06
0.213 1.8143399 1.1177399e-06
0.214 1.8116435 1.0372371e-06
0.215 1.8089471 9.596041e-07
0.216 1.8062507 8.9228147e-07
0.217 1.8035543 8.2593477e-07
0.218 1.8008579 7.5819913e-07
0.219 1.7981615 7.1239849e-07
0.22 1.7954651 6.6571944e-07
0.221 1.7927687 6.2341779e-07
0.222 1.7900722 5.7279115e-07
0.223 1.7873758 5.3045068e-07
0.224 1.7846794 5.0309255e-07
0.225 1.781983 4.7643668e-07
0.226 1.7792866 4.4599881e-07
0.227 1.7765902 4.2056763e-07
0.228 1.7743389 3.8777782e-07
0.229 1.7727273 3.5440644e-07
0.23 1.7711157 3.2737709e-07
0.231 1.7695041 3.0608884e-07
0.232 1.7678926 2.8545435e-07
0.233 1.766281 2.7220501e-07
0.234 1.7646694 2.6257873e-07
0.235 1.7630579 2.2865731e-07
0.236 1.7614463 2.0020163e-07
0.237 1.7598347 1.8490476e-07
0.238 1.7582231 1.8064278e-07
0.239 1.7566116 1.6687881e-07
0.24 1.755 1.4895221e-07
0.241 1.7535333 1.4298935e-07
0.242 1.7520667 1.3690927e-07
0.243 1.7506 1.1816196e-07
0.244 1.7491333 9.8240334e-08
0.245 1.7476667 9.3315463e-08
0.246 1.7462 8.6298924e-08
0.247 1.7447333 7.9973321e-08
0.248 1.7432667 6.6150945e-08
0.249 1.7418 5.5324243e-08
0.25 1.7403333 5.3625624e-08
0.26 1.7287 0
0.27 1.7175074 0
0.28 1.7086589 0
0.29 1.7005196 0
0.3 1.6935 0
0.31 1.6876 0
0.32 1.6823242 0
0.33 1.6776727 0
0.34 1.6737018 0
0.35 1.6707345 0
0.36 1.6677673 0
0.37 1.6648 0
0.38 1.6624667 0
0.39 1.6601333 0
0.4 1.6578 0
0.41 1.6560689 0
0.42 1.6543379 0
0.43 1.6526068 0
0.44 1.651228 0
0.45 1.6501567 0
0.46 1.6490853 0
0.47 1.648014 0
0.48 1.6469427 0
0.49 1.6458713 0
0.5 1.6448 0
0.51 1.644 0
0.52 1.6432 0
0.53 1.6424 0
0.54 1.6416 0
0.55 1.6408 0
0.56 1.6401995 0
0.57 1.639599 0
0.58 1.6389984 0
0.59 1.6383979 0
0.6 1.6377974 0
0.61 1.6371969 0
0.62 1.6366943 0
0.63 1.6363825 0
0.64 1.6360707 0
0.65 1.6357589 0
0.66 1.6354471 0
0.67 1.6351353 0
0.68 1.6348236 0
0.69 1.6345118 0
0.7 1.6342 0
0.71 1.63401 0
0.72 1.63382 0
0.73 1.63363 0
0.74 1.63344 0
0.75 1.63325 0
0.76 1.63306 0
0.77 1.63287 0
0.78 1.63268 0
0.79 1.63249 0
0.8 1.6323 0
0.81 1.63213 0
0.82 1.63196 0
0.83 1.63179 0
0.84 1.63162 0
0.85 1.63145 0
0.86 1.63128 0
0.87 1.63111 0
0.88 1.63094 0
0.89 1.63077 0
0.9 1.6306 0
0.91 1.63045 0
0.92 1.6303 0
0.93 1.63015 0
0.94 1.63 0
0.95 1.62985 0
0.96 1.6297 0
0.97 1.62955 0
0.98 1.6294 0
0.99 1.62925 0
1 1.6291 0
1.01 1.62897 0
1.02 1.62884 0
1.03 1.62871 0
1.04 1.62858 0
1.05 1.62845 0
1.06 1.62832 0
1.07 1.62819 0
1.08 1.62806 0
1.09 1.62793 0
1.1 1.6278 0
1.11 1.6277249 0
1.12 1.6276499 0
1.13 1.6275748 0
1.14 1.6274997 0
1.15 1.6274247 0
1.16 1.6273496 0
1.17 1.6272745 0
1.18 1.6271995 0
1.19 1.6271244 0
1.2 1.6270493 0
1.21 1.6269743 0
1.22 1.6268992 0
1.23 1.6268242 0
1.24 1.6267491 0
1.25 1.626674 0
1.26 1.6265 0
1.27 1.6264 0
1.28 1.6264 0
1.29 1.6263 0
1.3 1.6262 0
1.31 1.6261 0
1.32 1.6261 0
1.33 1.626 0
1.34 1.6259 0
1.35 1.6258 0
1.36 1.6258 0
1.37 1.6257 0
1.38 1.6256 0
1.39 1.6255 0
1.4 1.6254 0
1.41 1.6254 0
1.42 1.6253 0
1.43 1.6252 0
1.44 1.6251 0
1.45 1.625 0
1.46 1.625 0
1.47 1.6249 0
1.48 1.6248 0
1.49 1.6247 0
1.5 1.6246 0
1.51 1.6245 0
1.52 1.6245 0
1.53 1.6244 0
1.54 1.6243 0
1.55 1.6242 0
1.56 1.6241 0
1.57 1.624 0
1.58 1.6239 0
1.59 1.6238 0
1.6 1.6237 0
1.61 1.6237 0
1.62 1.6236 0
1.63 1.6235 0
1.64 1.6234 0
1.65 1.6233 0
1.66 1.6232 0
1.67 1.6231 0
1.68 1.623 0
1.69 1.6229 0
1.7 1.6228 0
1.71 1.6227 0
1.72 1.6226 0
1.73 1.6225 0
1.74 1.6224 0
1.75 1.6223 0
1.76 1.6222 0
1.77 1.6221 0
1.78 1.622 0
1.79 1.6219 0
1.8 1.6218 0
1.81 1.6217 0
1.82 1.6216 0
1.83 1.6215 0
1.84 1.6214 0
1.85 1.6213 0
1.86 1.6212 0
1.87 1.6211 0
1.88 1.621 0
1.89 1.6208 0
1.9 1.6207 0
1.91 1.6206 0
1.92 1.6205 0
1.93 1.6204 0
1.94 1.6203 0
1.95 1.6202 0
1.96 1.6201 0
1.97 1.62 0
1.98 1.6198 0
1.99 1.6197 0
2 1.6196 0
2.01 1.6195 0
2.02 1.6194 0
2.03 1.6193 0
2.04 1.6191 0
2.05 1.619 0
2.06 1.6189 0
2.07 1.6188 0
2.08 1.6187 0
2.09 1.6185 0
2.1 1.6184 0
2.11 1.6183 0
2.12 1.6182 0
2.13 1.618 0
2.14 1.6179 0
2.15 1.6178 0
2.16 1.6177 0
2.17 1.6175 0
2.18 1.6174 0
2.19 1.6173 0
2.2 1.6172 0
2.21 1.617 0
2.22 1.6169 0
2.23 1.6168 0
2.24 1.6166 0
2.25 1.6165 0
2.26 1.6164 0
2.27 1.6163 0
2.28 1.6161 0
2.29 1.616 0
2.3 1.6158 0
2.31 1.6157 0
2.32 1.6156 0
2.33 1.6154 0
2.34 1.6153 0
2.35 1.6152 0
2.36 1.615 0
2.37 1.6149 0
2.38 1.6147 0
2.39 1.6146 0
2.4 1.6145 0
2.41 1.6143 0
2.42 1.6142 0
2.43 1.614 0
2.44 1.6139 0
2.45 1.6138 0
2.46 1.6136 0
2.47 1.6135 0
2.48 1.6133 0
2.49 1.6132 0
2.5 1.613 0
2.51 1.6129 0
2.52 1.6127 0
2.53 1.6126 0
2.54 1.6124 0
2.55 1.6123 0
2.56 1.6121 0
2.57 1.612 0
2.58 1.6118 0
2.59 1.6117 0
2.6 1.6115 0
2.61 1.6113 0
2.62 1.6112 0
2.63 1.611 0
2.64 1.6109 0
2.65 1.6107 0
2.66 1.6106 0
2.67 1.6104 0
2.68 1.6102 0
2.69 1.6101 0
2.7 1.6099 0
2.71 1.6098 0
2.72 1.6096 0
2.73 1.6094 0
2.74 1.6093 0
2.75 1.6091 0
2.76 1.6089 0
2.77 1.6088 0
2.78 1.6086 0
2.79 1.6084 0
2.8 1.6083 0
2.81 1.6081 0
2.82 1.6079 0
2.83 1.6078 0
2.84 1.6076 0
2.85 1.6074 0
2.86 1.6072 0
2.87 1.6071 0
2.88 1.6069 0
2.89 1.6067 0
2.9 1.6065 0
2.91 1.6064 0
2.92 1.6062 0
2.93 1.606 0
2.94 1.6058 0
2.95 1.6057 0
2.96 1.6055 0
2.97 1.6053 0
2.98 1.6051 0
2.99 1.6049 0
3 1.6048 0
3.01 1.6046 0
3.02 1.6044 0
3.03 1.6042 0
3.04 1.604 0
3.05 1.6038 0
3.06 1.6036 0
3.07 1.6035 0
3.08 1.6033 0
3.09 1.6031 0
3.1 1.6029 0
3.11 1.6027 0
3.12 1.6025 0
3.13 1.6023 0
3.14 1.6021 0
3.15 1.6019 0
3.16 1.6017 0
3.17 1.6015 0
3.18 1.6013 0
3.19 1.6011 0
3.2 1.6009 0
3.21 1.6007 0
3.22 1.6005 0
3.23 1.6003 0
3.24 1.6001 0
3.25 1.5999 0
3.26 1.5997 0
3.27 1.5995 0
3.28 1.5993 0
3.29 1.5991 1.298238e-07
3.3 1.5989 2.0382061e-07
3.31 1.5987 2.9483527e-07
3.32 1.5985 3.4598665e-07
3.33 1.5983 3.2046372e-07
3.34 1.5981 2.9722666e-07
3.35 1.5979 2.7141836e-07
3.36 1.5977 2.6630053e-07
3.37 1.5975 3.2336769e-07
3.38 1.5973 3.5736813e-07
3.39 1.597 3.3892853e-07
3.4 1.5968 3.357984e-07
3.41 1.5966 4.0635294e-07
3.42 1.5964 5.0811396e-07
3.43 1.5962 5.8038398e-07
3.44 1.596 6.3472233e-07
3.45 1.5958 6.7460416e-07
3.46 1.5955 7.3176266e-07
3.47 1.5953 8.545994e-07
3.48 1.5951 1.0352927e-06
3.49 1.5949 1.2369558e-06
3.5 1.5947 1.4583239e-06
3.51 1.5944 1.628235e-06
3.52 1.5942 1.7586816e-06
3.53 1.594 1.9065512e-06
3.54 1.5938 2.0876145e-06
3.55 1.5935 2.2827938e-06
3.56 1.5933 2.481464e-06
3.57 1.5931 2.6664755e-06
3.58 1.5929 2.8240135e-06
3.59 1.5926 3.0307608e-06
3.6 1.5924 3.2814229e-06
3.61 1.5922 3.5927324e-06
3.62 1.5919 3.9805985e-06
3.63 1.5917 4.4227051e-06
3.64 1.5915 4.8431592e-06
3.65 1.5912 5.3184087e-06
3.66 1.591 5.9531495e-06
3.67 1.5908 6.7511495e-06
3.68 1.5905 7.6854805e-06
3.69 1.5903 8.6810968e-06
3.7 1.5901 9.6275415e-06
3.71 1.5898 1.0532358e-05
3.72 1.5896 1.1388006e-05
3.73 1.5893 1.2183246e-05
3.74 1.5891 1.28151e-05
3.75 1.5889 1.3329995e-05
3.76 1.5886 1.3796565e-05
3.77 1.5884 1.4164372e-05
3.78 1.5881 1.4406944e-05
3.79 1.5879 1.4546525e-05
3.8 1.5876 1.4602872e-05
3.81 1.5874 1.4623726e-05
3.82 1.5871 1.4543085e-05
3.83 1.5869 1.4385793e-05
3.84 1.5866 1.4137583e-05
3.85 1.5864 1.3800808e-05
3.86 1.5861 1.3425404e-05
3.87 1.5859 1.3041717e-05
3.88 1.5856 1.2712244e-05
3.89 1.5854 1.2744885e-05
3.9 1.5851 1.3499665e-05
3.91 1.5849 1.5017556e-05
3.92 1.5846 1.6908423e-05
3.93 1.5844 1.8664122e-05
3.94 1.5841 2.0318658e-05
3.95 1.5838 2.2285465e-05
3.96 1.5836 2.508223e-05
3.97 1.5833 2.9236769e-05
3.98 1.5831 3.4520591e-05
3.99 1.5828 3.977939e-05
4 1.5825 4.3094664e-05
4.01 1.5823 4.1440762e-05
4.02 1.582 3.3678267e-05
4.03 1.5817 2.4459428e-05
4.04 1.5815 1.7435686e-05
4.05 1.5812 1.2781945e-05
4.06 1.5809 9.8860825e-06
4.07 1.5807 8.1267791e-06
4.08 1.5804 7.0316488e-06
4.09 1.5801 6.3633912e-06
4.1 1.5798 5.9971657e-06
4.11 1.5796 5.8495774e-06
4.12 1.5793 5.873971e-06
4.13 1.579 6.0271766e-06
4.14 1.5787 6.2261372e-06
4.15 1.5785 6.429609e-06
4.16 1.5782 6.6317929e-06
4.17 1.5779 6.8491375e-06
4.18 1.5776 7.0818978e-06
4.19 1.5773 7.3307129e-06
4.2 1.5771 7.6060658e-06
4.21 1.5768 7.8975432e-06
4.22 1.5765 8.223593e-06
4.23 1.5762 8.581615e-06
4.24 1.5759 8.9870304e-06
4.25 1.5756 9.4511965e-06
4.26 1.5753 9.992278e-06
4.27 1.5751 1.0624399e-05
4.28 1.5748 1.1379817e-05
4.29 1.5745 1.2244207e-05
4.3 1.5742 1.3169683e-05
4.31 1.5739 1.4147234e-05
4.32 1.5736 1.5205105e-05
4.33 1.5733 1.6359662e-05
4.34 1.573 1.7569382e-05
4.35 1.5727 1.8757919e-05
4.36 1.5724 1.9775504e-05
4.37 1.5721 2.0459938e-05
4.38 1.5718 2.0784431e-05
4.39 1.5715 2.0848324e-05
4.4 1.5712 2.0837003e-05
4.41 1.5709 2.0939736e-05
4.42 1.5706 2.1287089e-05
4.43 1.5703 2.1867934e-05
4.44 1.57 2.2572172e-05
4.45 1.5697 2.3319926e-05
4.46 1.5694 2.4061813e-05
4.47 1.5691 2.476814e-05
4.48 1.5688 2.5445429e-05
4.49 1.5684 2.6169438e-05
4.5 1.5681 2.7081622e-05
4.51 1.5678 2.8335246e-05
4.52 1.5675 3.0011954e-05
4.53 1.5672 3.203915e-05
4.54 1.5669 3.4255061e-05
4.55 1.5665 3.6429636e-05
4.56 1.5662 3.8305814e-05
4.57 1.5659 3.9672645e-05
4.58 1.5656 4.0474049e-05
4.59 1.5653 4.085162e-05
4.6 1.5649 4.0879283e-05
4.61 1.5646 4.0491528e-05
4.62 1.5643 3.9652792e-05
4.63 1.564 3.8472812e-05
4.64 1.5636 3.7148864e-05
4.65 1.5633 3.5821561e-05
4.66 1.563 3.4633619e-05
4.67 1.5626 3.3683844e-05
4.68 1.5623 3.3073752e-05
4.69 1.562 3.286881e-05
4.7 1.5616 3.3042702e-05
4.71 1.5613 3.3488508e-05
4.72 1.561 3.4069007e-05
4.73 1.5606 3.4684414e-05
4.74 1.5603 3.5309187e-05
4.75 1.56 3.5985588e-05
4.76 1.5596 3.6665951e-05
4.77 1.5593 3.7280922e-05
4.78 1.5589 3.7777595e-05
4.79 1.5586 3.8196514e-05
4.8 1.5582 3.8656407e-05
4.81 1.5579 3.9256094e-05
4.82 1.5575 4.005591e-05
4.83 1.5572 4.1025295e-05
4.84 1.5568 4.2176164e-05
4.85 1.5565 4.3553667e-05
4.86 1.5561 4.5210617e-05
4.87 1.5558 4.7103269e-05
4.88 1.5554 4.9020648e-05
4.89 1.5551 5.0794704e-05
4.9 1.5547 5.241397e-05
4.91 1.5544 5.3908126e-05
4.92 1.554 5.5245973e-05
4.93 1.5536 5.6482407e-05
4.94 1.5533 5.7801028e-05
4.95 1.5529 5.9366038e-05
4.96 1.5526 6.1290407e-05
4.97 1.5522 6.3660752e-05
4.98 1.5518 6.6345811e-05
4.99 1.5515 6.9032634e-05
5 1.5511 7.1533485e-05
5.01 1.5507 7.4130919e-05
5.02 1.5503 7.7161705e-05
5.03 1.55 8.1190411e-05
5.04 1.5496 8.6616822e-05
5.05 1.5492 9.3985472e-05
5.06 1.5488 0.00010376254
5.07 1.5485 0.00011622141
5.08 1.5481 0.00013177432
5.09 1.5477 0.00015079922
5.1 1.5473 0.000174
5.11 1.5469 0.000202
5.12 1.5466 0.000237
5.13 1.5462 0.00028
5.14 1.5458 0.00037
5.15 1.5454 0.00047
5.16 1.545 0.00059
5.17 1.5446 0.0007
5.18 1.5442 0.00076403759
5.19 1.5438 0.0007928781
5.2 1.5434 0.00081357838
5.21 1.543 0.00082930851
5.22 1.5426 0.00084392029
5.23 1.5422 0.00086247067
5.24 1.5418 0.00088438979
5.25 1.5414 0.00090949481
5.26 1.541 0.00093772143
5.27 1.5406 0.00096764958
5.28 1.5402 0.00099654621
5.29 1.5398 0.0010283057
5.3 1.5394 0.0010616594
5.31 1.539 0.0010956777
5.32 1.5386 0.0011317654
5.33 1.5382 0.0011728484
5.34 1.5378 0.0012166665
5.35 1.5373 0.0012592208
5.36 1.5369 0.0013015752
5.37 1.5365 0.0013427959
5.38 1.5361 0.0013807444
5.39 1.5357 0.0014172004
5.4 1.5352 0.0014515063
5.41 1.5348 0.0014882416
5.42 1.5344 0.0015438115
5.43 1.534 0.0015686668
5.44 1.5335 0.0015893294
5.45 1.5331 0.0016003465
5.46 1.5327 0.0015980652
5.47 1.5322 0.0015805237
5.48 1.5318 0.0015362603
5.49 1.5314 0.0015139178
5.5 1.5309 0.001497553
5.51 1.5305 0.0014921545
5.52 1.5301 0.0014994221
5.53 1.5296 0.0015359509
5.54 1.5292 0.0016131219
5.55 1.5287 0.0017362286
5.56 1.5283 0.0019829518
5.57 1.5278 0.0021364101
5.58 1.5274 0.002259139
5.59 1.5269 0.0023936326
5.6 1.5265 0.0024937919
5.61 1.526 0.0025293894
5.62 1.5256 0.0025232833
5.63 1.5251 0.0024935574
5.64 1.5246 0.0022943243
5.65 1.5242 0.002182596
5.66 1.5237 0.0020621647
5.67 1.5233 0.0019418514
5.68 1.5228 0.0018719887
5.69 1.5223 0.0018152567
5.7 1.5219 0.0017669864
5.71 1.5214 0.001733299
5.72 1.5209 0.0017200845
5.73 1.5204 0.0017352798
5.74 1.52 0.0017756484
5.75 1.5195 0.0018493651
5.76 1.519 0.0019579152
5.77 1.5185 0.0020828593
5.78 1.5181 0.0022833274
5.79 1.5176 0.0024898897
5.8 1.5171 0.0026398576
5.81 1.5166 0.0026798247
5.82 1.5161 0.0026983141
5.83 1.5156 0.0028110077
5.84 1.5151 0.0028833642
5.85 1.5146 0.0029302811
5.86 1.5141 0.0029275446
5.87 1.5136 0.0029012544
5.88 1.5131 0.0028479136
5.89 1.5126 0.0028031498
5.9 1.5121 0.002843627
5.91 1.5116 0.0029120127
5.92 1.5111 0.0029664296
5.93 1.5106 0.0029648287
5.94 1.5101 0.0029506409
5.95 1.5096 0.0029915778
5.96 1.5091 0.0030091449
5.97 1.5086 0.0030438354
5.98 1.5081 0.0030716733
5.99 1.5075 0.0031116889
6 1.507 0.0031561522
6.01 1.5065 0.0031589891
6.02 1.506 0.0031124098
6.03 1.5054 0.0030276117
6.04 1.5049 0.002953371
6.05 1.5044 0.0027987458
6.06 1.5039 0.0026433088
6.07 1.5033 0.0024819679
6.08 1.5028 0.0023113714
6.09 1.5022 0.0020319904
6.1 1.5017 0.0018208454
6.11 1.5012 0.0016273486
6.12 1.5006 0.0014500824
6.13 1.5001 0.0013189789
6.14 1.4995 0.0012199674
6.15 1.499 0.0011411038
6.16 1.4984 0.0010785723
6.17 1.4979 0.0010286745
6.18 1.4973 0.00098753523
6.19 1.4968 0.00095187016
6.2 1.4962 0.00092289432
6.21 1.4956 0.00089918493
6.22 1.4951 0.00087933771
6.23 1.4945 0.00086193879
6.24 1.4939 0.00084717908
6.25 1.4934 0.00083604775
6.26 1.4928 0.00082877476
6.27 1.4922 0.00082318392
6.28 1.4916 0.00081633135
6.29 1.4911 0.0008112356
6.3 1.4905 0.0008123613
6.31 1.4899 0.00081241468
6.32 1.4893 0.00081382734
6.33 1.4887 0.00081567192
6.34 1.4881 0.00081762434
6.35 1.4876 0.00082161007
6.36 1.487 0.0008296142
6.37 1.4864 0.00083884944
6.38 1.4858 0.00084278154
6.39 1.4852 0.00085008922
6.4 1.4846 0.00085817072
6.41 1.484 0.00086657312
6.42 1.4833 0.0008756437
6.43 1.4827 0.00088550724
6.44 1.4821 0.00089563102
6.45 1.4815 0.00090526351
6.46 1.4809 0.00091512916
6.47 1.4803 0.00092491845
6.48 1.4797 0.00093365906
6.49 1.479 0.00094073385
6.5 1.4784 0.00094595354
6.51 1.4778 0.00094952932
6.52 1.4771 0.00095155776
6.53 1.4765 0.00095162749
6.54 1.4759 0.00095073701
6.55 1.4752 0.00095039576
6.56 1.4746 0.00095001437
6.57 1.474 0.00095094758
6.58 1.4733 0.00095372618
6.59 1.4727 0.00095938176
6.6 1.472 0.00096788348
6.61 1.4714 0.00097948571
6.62 1.4707 0.00099584101
6.63 1.47 0.0010171105
6.64 1.4694 0.0010413436
6.65 1.4687 0.0010699496
6.66 1.4681 0.0011020428
6.67 1.4674 0.0011378174
6.68 1.4667 0.0011784386
6.69 1.466 0.0012208642
6.7 1.4654 0.0012680175
6.71 1.4647 0.0013218125
6.72 1.464 0.0013804598
6.73 1.4633 0.0014367617
6.74 1.4626 0.0014926127
6.75 1.4619 0.001553916
6.76 1.4612 0.001615829
6.77 1.4605 0.0016689287
6.78 1.4598 0.0017225707
6.79 1.4591 0.0017705238
6.8 1.4584 0.0018043916
6.81 1.4577 0.0018296051
6.82 1.457 0.0018597219
6.83 1.4563 0.0018901163
6.84 1.4556 0.0019144906
6.85 1.4549 0.0019237201
6.86 1.4542 0.0019357816
6.87 1.4534 0.0019545325
6.88 1.4527 0.0019663148
6.89 1.452 0.0019724033
6.9 1.4512 0.0019764614
6.91 1.4505 0.0019824151
6.92 1.4498 0.0019884719
6.93 1.449 0.0019945337
6.94 1.4483 0.0020006523
6.95 1.4475 0.0020067751
6.96 1.4468 0.0020130109
6.97 1.446 0.0020192596
6.98 1.4453 0.0020255215
6.99 1.4445 0.0020318781
7 1.4437 0.0020382566
7.01 1.443 0.0020447032
7.02 1.4422 0.0020511865
7.03 1.4414 0.0020577327
7.04 1.4406 0.0020642783
7.05 1.4399 0.002070925
7.06 1.4391 0.0020776156
7.07 1.4383 0.0020843683
7.08 1.4375 0.0020911211
7.09 1.4367 0.0020979535
7.1 1.4359 0.002104869
7.11 1.4351 0.0021117627
7.12 1.4343 0.0021187665
7.13 1.4335 0.0021258027
7.14 1.4327 0.0021328833
7.15 1.4319 0.0021400571
7.16 1.431 0.002147289
7.17 1.4302 0.0021545495
7.18 1.4294 0.0021619112
7.19 1.4286 0.0021692917
7.2 1.4277 0.0021767414
7.21 1.4269 0.0021842359
7.22 1.426 0.0021918202
7.23 1.4252 0.0021993407
7.24 1.4243 0.0022070964
7.25 1.4235 0.0022147999
7.26 1.4226 0.0022226182
7.27 1.4218 0.0022305222
7.28 1.4209 0.0022383879
7.29 1.42 0.0022464059
7.3 1.4192 0.002254446
7.31 1.4183 0.0022625671
7.32 1.4174 0.002270787
7.33 1.4165 0.0022789434
7.34 1.4156 0.0022873016
7.35 1.4148 0.0022956699
7.36 1.4139 0.0023041233
7.37 1.413 0.0023126763
7.38 1.412 0.0023212176
7.39 1.4111 0.0023298546
7.4 1.4102 0.0023386604
7.41 1.4093 0.0023473987
7.42 1.4084 0.0023562677
7.43 1.4075 0.0023652909
7.44 1.4065 0.0023742346
7.45 1.4056 0.002383361
7.46 1.4047 0.0023925497
7.47 1.4037 0.0024018056
7.48 1.4028 0.0024111088
7.49 1.4018 0.0024205185
7.5 1.4009 0.0024299372
7.51 1.3999 0.0024395951
7.52 1.3989 0.0024491951
7.53 1.398 0.0024588928
7.54 1.397 0.0024686747
7.55 1.396 0.0024786076
7.56 1.395 0.0024885931
7.57 1.394 0.0024986314
7.58 1.393 0.0025087716
7.59 1.392 0.0025190084
7.6 1.391 0.0025293782
7.61 1.39 0.0025396965
7.62 1.389 0.0025502834
7.63 1.388 0.0025608527
7.64 1.3869 0.0025715831
7.65 1.3859 0.0025823305
7.66 1.3849 0.0025932208
7.67 1.3838 0.0026042301
7.68 1.3828 0.0026152374
7.69 1.3817 0.0026264689
7.7 1.3807 0.0026377158
7.71 1.3796 0.00264906
7.72 1.3786 0.0026605736
7.73 1.3775 0.0026721107
7.74 1.3764 0.0026838983
7.75 1.3753 0.0026956416
7.76 1.3742 0.002707402
7.77 1.3731 0.0027195146
7.78 1.372 0.0027316176
7.79 1.3709 0.0027438002
7.8 1.3698 0.0027562024
7.81 1.3687 0.0027685812
7.82 1.3676 0.0027811902
7.83 1.3664 0.0027938215
7.84 1.3653 0.002806671
7.85 1.3642 0.002819525
7.86 1.363 0.0028325615
7.87 1.3619 0.0028457755
7.88 1.3607 0.002858981
7.89 1.3595 0.0028723933
7.9 1.3584 0.0028859513
7.91 1.3572 0.0028996076
7.92 1.356 0.0029133804
7.93 1.3548 0.0029273353
7.94 1.3536 0.0029414184
7.95 1.3524 0.0029556246
7.96 1.3512 0.0029699483
7.97 1.35 0.0029844102
7.98 1.3487 0.0029990722
7.99 1.3475 0.0030137439
8 1.3463 0.0030286124
8.01 1.345 0.0030436964
8.02 1.3438 0.0030588895
8.03 1.3425 0.003074226
8.04 1.3412 0.0030897226
8.05 1.3399 0.0031053983
8.06 1.3387 0.0031212351
8.07 1.3374 0.0031371849
8.08 1.3361 0.003153292
8.09 1.3348 0.003169609
8.1 1.3334 0.0031860542
8.11 1.3321 0.0032026281
8.12 1.3308 0.0032194071
8.13 1.3295 0.0032363949
8.14 1.3281 0.0032535923
8.15 1.3268 0.0032708243
8.16 1.3254 0.0032883457
8.17 1.324 0.0033061729
8.18 1.3226 0.0033239784
8.19 1.3213 0.0033419852
8.2 1.3199 0.0033603436
8.21 1.3185 0.0033786266
8.22 1.317 0.0033973437
8.23 1.3156 0.0034160726
8.24 1.3142 0.0034352818
8.25 1.3128 0.0034545088
8.26 1.3113 0.0034739367
8.27 1.3098 0.0034935441
8.28 1.3084 0.0035135109
8.29 1.3069 0.0035335505
8.3 1.3054 0.0035538088
8.31 1.3039 0.0035743926
8.32 1.3024 0.0035951689
8.33 1.3009 0.0036162898
8.34 1.2994 0.0036374028
8.35 1.2979 0.0036589957
8.36 1.2963 0.0036806593
8.37 1.2948 0.003702624
8.38 1.2932 0.0037249124
8.39 1.2916 0.0037472888
8.4 1.29 0.0037700232
8.41 1.2884 0.0037931435
8.42 1.2868 0.0038163166
8.43 1.2852 0.0038398735
8.44 1.2836 0.0038637498
8.45 1.2819 0.0038877813
8.46 1.2803 0.0039122103
8.47 1.2786 0.0039368128
8.48 1.277 0.0039616709
8.49 1.2753 0.0039869163
8.5 1.2736 0.0040125718
8.51 1.2719 0.004038495
8.52 1.2701 0.0040646602
8.53 1.2684 0.0040912247
8.54 1.2667 0.0041180003
8.55 1.2649 0.0041452273
8.56 1.2631 0.0041728063
8.57 1.2613 0.0042004896
8.58 1.2596 0.0042287544
8.59 1.2577 0.0042572122
8.6 1.2559 0.0042860558
8.61 1.2541 0.0043153297
8.62 1.2522 0.0043451186
8.63 1.2504 0.0043751983
8.64 1.2485 0.0044057
8.65 1.2466 0.0044364854
8.66 1.2447 0.0044676943
8.67 1.2428 0.0044994278
8.68 1.2408 0.0045312801
8.69 1.2389 0.0045638555
8.7 1.2369 0.004596818
8.71 1.2349 0.0046302309
8.72 1.2329 0.0046640629
8.73 1.2309 0.0046984209
8.74 1.2289 0.0047329866
8.75 1.2268 0.0047682785
8.76 1.2248 0.004804035
8.77 1.2227 0.004840392
8.78 1.2206 0.0048771132
8.79 1.2185 0.0049143894
8.8 1.2164 0.0049520952
8.81 1.2142 0.0049903352
8.82 1.2121 0.0050294406
8.83 1.2099 0.0050688756
8.84 1.2077 0.0051088631
8.85 1.2054 0.0051492059
8.86 1.2032 0.0051906916
8.87 1.201 0.0052325543
8.88 1.1987 0.0052748504
8.89 1.1964 0.0053179737
8.9 1.1941 0.0053618192
8.91 1.1917 0.0054061423
8.92 1.1894 0.0054512818
8.93 1.187 0.0054969796
8.94 1.1846 0.0055436435
8.95 1.1821 0.0055908832
8.96 1.1797 0.0056388332
8.97 1.1772 0.0056877278
8.98 1.1747 0.0057373031
8.99 1.1722 0.0057877761
9 1.1697 0.0058389366
9.01 1.1671 0.0058910056
9.02 1.1645 0.005944017
9.03 1.1619 0.0059977816
9.04 1.1593 0.0060524665
9.05 1.1566 0.0061079191
9.06 1.1539 0.0061646417
9.07 1.1512 0.0062223776
9.08 1.1485 0.0062808002
9.09 1.1457 0.0063405747
9.1 1.1429 0.0064012113
9.11 1.1401 0.0064629345
9.12 1.1372 0.0065259325
9.13 1.1344 0.0065902054
9.14 1.1314 0.0066552551
9.15 1.1285 0.006722062
9.16 1.1255 0.0067897577
9.17 1.1225 0.0068588003
9.18 1.1195 0.0069293004
9.19 1.1164 0.0070006604
9.2 1.1133 0.0070740686
9.21 1.1101 0.0071485205
9.22 1.107 0.0072245471
9.23 1.1037 0.0073022816
9.24 1.1005 0.0073817215
9.25 1.0972 0.0074621855
9.26 1.0939 0.007544477
9.27 1.0905 0.0076294553
9.28 1.0871 0.0077152601
9.29 1.0837 0.0078029108
9.3 1.0802 0.0078931513
9.31 1.0766 0.007984837
9.32 1.0731 0.0080784584
9.33 1.0695 0.0081746092
9.34 1.0658 0.0082731383
9.35 1.0621 0.0083741906
9.36 1.0583 0.0084771991
9.37 1.0545 0.0085822412
9.38 1.0507 0.0086901053
9.39 1.0468 0.0088008791
9.4 1.0428 0.0089148472
9.41 1.0388 0.0090316153
9.42 1.0347 0.0091505651
9.43 1.0306 0.0092729448
9.44 1.0264 0.0093987567
9.45 1.0221 0.0095281829
9.46 1.0178 0.0096614503
9.47 1.0135 0.0097974957
9.48 1.009 0.0099376714
9.49 1.0045 0.01008228
9.5 0.99995 0.010231456
9.51 0.9953 0.010385379
9.52 0.99058 0.010543385
9.53 0.98579 0.010705762
9.54 0.98091 0.010873652
9.55 0.97596 0.011047355
9.56 0.97092 0.011227229
9.57 0.9658 0.011412351
9.58 0.96058 0.011605295
9.59 0.95527 0.011803774
9.6 0.94987 0.012010478
9.61 0.94436 0.012224073
9.62 0.93876 0.012445304
9.63 0.93304 0.012676413
9.64 0.92721 0.012916112
9.65 0.92126 0.013165755
9.66 0.91519 0.013426567
9.67 0.909 0.013696511
9.68 0.90267 0.013981787
9.69 0.8962 0.014277345
9.7 0.88958 0.014589131
9.71 0.88281 0.014916386
9.72 0.87587 0.015258124
9.73 0.86877 0.015620411
9.74 0.86148 0.016000048
9.75 0.85401 0.016401766
9.76 0.84633 0.01682822
9.77 0.83843 0.017278893
9.78 0.83031 0.01775807
9.79 0.82194 0.018270039
9.8 0.81331 0.018814849
9.81 0.8044 0.019399231
9.82 0.79518 0.020024267
9.83 0.78564 0.020701179
9.84 0.77574 0.021431157
9.85 0.76545 0.022221894
9.86 0.75474 0.023084651
9.87 0.74356 0.024022991
9.88 0.73186 0.025061347
9.89 0.71958 0.026202849
9.9 0.70666 0.027470526
9.91 0.69301 0.02888852
9.92 0.67853 0.030485809
9.93 0.6631 0.032281498
9.94 0.64657 0.034331726
9.95 0.62874 0.036718611
9.96 0.60938 0.03944928
9.97 0.58815 0.042690914
9.98 0.56464 0.046559848
9.99 0.53826 0.051196287
10 0.50818 0.056896735
10.01 0.47328 0.064042194
10.02 0.43117 0.073206663
10.03 0.37845 0.085289142
10.04 0.30784 0.10173763
10.05 0.20041 0.12495913
10.06 0.076539 0.19472533
10.07 0.05439 0.34610538
10.081 0.052133 0.47860543
10.091 0.057412 0.61607548
10.101 0.071261 0.77714553
10.111 0.13994 0.98302557
10.121 0.55601 0.99135562
10.132 0.86095 0.97205568
10.142 1.2215 0.83468573
10.152 1.6129 0.23566578
10.163 1.3048 0.091505833
10.173 1.1278 0.055767884
10.183 1.012 0.039550935
10.194 0.92726 0.030922992
10.204 0.8604 0.025922044
10.215 0.80466 0.022908101
10.225 0.75616 0.021102154
10.235 0.71251 0.020099207
10.246 0.6721 0.019674265
10.256 0.63378 0.019703319
10.267 0.59669 0.020121378
10.277 0.56011 0.020905433
10.288 0.52341 0.022068493
10.299 0.48597 0.023660553
10.309 0.44713 0.025787609
10.32 0.40608 0.02864067
10.331 0.36175 0.032581732
10.341 0.31251 0.038365789
10.352 0.25568 0.047847852
10.363 0.18659 0.067060915
10.373 0.10843 0.11825697
10.384 0.06657 0.19771704
10.395 0.051237 0.2640071
10.406 0.043687 0.31852717
10.417 0.039182 0.36564723
10.428 0.036193 0.4077773
10.438 0.034082 0.44633736
10.449 0.032527 0.48218742
10.46 0.031352 0.51594749
10.471 0.030449 0.54802756
10.482 0.029749 0.57874763
10.493 0.029203 0.60833769
10.504 0.028781 0.63700776
10.515 0.028457 0.66489783
10.526 0.028215 0.6921279
10.537 0.028041 0.71880797
10.549 0.027925 0.74502805
10.56 0.027859 0.77085812
10.571 0.027837 0.79637819
10.582 0.027855 0.82161827
10.593 0.027908 0.84665834
10.604 0.027994 0.87152841
10.616 0.028109 0.89627849
10.627 0.028253 0.92093857
10.638 0.028423 0.94554864
10.65 0.02862 0.97014872
10.661 0.028841 0.9947588
10.672 0.029087 1.0194089
10.684 0.029357 1.044109
10.695 0.029651 1.069009
10.707 0.02997 1.0939091
10.718 0.030314 1.1191092
10.73 0.030683 1.1444093
10.741 0.031078 1.1699094
10.753 0.031501 1.1956095
10.764 0.031952 1.2216095
10.776 0.032432 1.2479096
10.787 0.032942 1.2745097
10.799 0.033486 1.3015098
10.811 0.034063 1.3288099
10.823 0.034676 1.35651
10.834 0.035328 1.3847101
10.846 0.036021 1.4133101
10.858 0.036757 1.4425102
10.87 0.037539 1.4722103
10.881 0.038371 1.5024104
10.893 0.039256 1.5333105
10.905 0.040199 1.5648106
10.917 0.041204 1.5971107
10.929 0.042275 1.6301108
10.941 0.043419 1.6639109
10.953 0.044641 1.698611
10.965 0.045948 1.7342111
10.977 0.047348 1.7709112
10.989 0.04885 1.8086113
11.001 0.050463 1.8474114
11.013 0.052198 1.8875115
11.025 0.054068 1.9289116
11.038 0.056086 1.9718117
11.05 0.058269 2.0162118
11.062 0.060635 2.0623119
11.074 0.063204 2.110212
11.086 0.066002 2.1602121
11.099 0.069057 2.2122122
11.111 0.072402 2.2667123
11.123 0.076076 2.3238124
11.136 0.080123 2.3837126
11.148 0.0846 2.4467127
11.161 0.08957 2.5133128
11.173 0.095113 2.5837129
11.186 0.10132 2.658513
11.198 0.10832 2.7381131
11.211 0.11624 2.8233132
11.223 0.12527 2.9147134
11.236 0.13565 3.0132135
11.249 0.14765 3.1199136
11.261 0.16167 3.2362137
11.274 0.17822 3.3636138
11.287 0.19797 3.504314
11.299 0.22187 3.6608141
11.312 0.25124 3.8366142
11.325 0.28802 4.0361143
11.338 0.33509 4.2654145
11.351 0.39697 4.5329146
11.364 0.48104 4.8507147
11.377 0.60014 5.2364149
11.39 0.77819 5.717215
11.403 1.0642 6.3347151
11.416 1.5706 7.1511153
11.429 2.5898 8.2183154
11.442 4.8697 9.1994155
11.455 8.443 7.7916157
11.468 9.1605 4.2341158
11.481 8.0818 2.2821159
11.494 7.0689 1.4060161
11.507 6.3039 0.96172621
11.521 5.7237 0.70739636
11.534 5.2699 0.5482565
11.547 4.9038 0.44215665
11.561 4.6004 0.3681468
11.574 4.3433 0.31486695
11.587 4.1211 0.27572709
11.601 3.9258 0.24668725
11.614 3.7515 0.2251974
11.628 3.5938 0.20957755
11.641 3.4493 0.1987677
11.655 3.3151 0.19207786
11.669 3.1889 0.18913803
11.682 3.0688 0.18984818
11.696 2.953 0.19435834
11.71 2.8397 0.20307851
11.723 2.7274 0.21676866
11.737 2.6144 0.23665883
11.751 2.499 0.264639
11.765 2.3796 0.30361917
11.779 2.2545 0.35809934
11.792 2.1232 0.4350695
11.806 1.9875 0.54511967
11.82 1.8558 0.70283984
11.834 1.7496 0.92256002
11.848 1.7046 1.2057202
11.862 1.7575 1.5310204
11.876 1.9344 1.8621206
11.891 2.2547 2.1485207
11.905 2.7183 2.3089209
11.919 3.2519 2.2411211
11.933 3.6872 1.9252213
11.947 3.8996 1.4963215
11.962 3.9202 1.1069217
11.976 3.8414 0.81139185
11.99 3.7276 0.60036204
12.005 3.6092 0.45062224
12.019 3.4974 0.34281243
12.034 3.3957 0.26359264
12.048 3.3041 0.20426283
12.063 3.222 0.15917304
12.077 3.148 0.12454323
12.092 3.0811 0.097819439
12.107 3.0205 0.077191649
12.121 2.9651 0.061326847
12.136 2.9145 0.04920506
12.151 2.868 0.040019274
12.165 2.825 0.033114475
12.18 2.7852 0.027954692
12.195 2.7481 0.02410291
12.21 2.7135 0.02120913
12.225 2.6811 0.019001351
12.24 2.6507 0.017275573
12.255 2.6219 0.015883797
12.27 2.5948 0.014726022
12.285 2.569 0.013734248
12.3 2.5445 0.012864475
12.315 2.5212 0.012089704
12.33 2.4989 0.011392935
12.346 2.4776 0.010761182
12.361 2.4572 0.010185415
12.376 2.4376 0.0096605496
12.392 2.4188 0.0091800012
12.407 2.4007 0.0087391386
12.422 2.3832 0.0083339773
12.438 2.3663 0.0079610334
12.453 2.3501 0.007616975
12.469 2.3343 0.0072991342
12.484 2.3191 0.0070048786
12.5 2.3043 0.0067321409
12.516 2.29 0.0064788047
12.531 2.2761 0.0062430535
12.547 2.2626 0.0060234205
12.563 2.2494 0.005818389
12.579 2.2367 0.0056265591
12.594 2.2242 0.0054470138
12.61 2.2121 0.0052784871
12.626 2.2003 0.0051201619
12.642 2.1887 0.0049711384
12.658 2.1775 0.0048306165
12.674 2.1665 0.0046979962
12.69 2.1557 0.0045725775
12.706 2.1452 0.0044538605
12.723 2.1349 0.0043413629
12.739 2.1249 0.0042344493
12.755 2.115 0.0041329372
12.771 2.1053 0.0040362268
12.788 2.0959 0.0039442363
12.804 2.0866 0.0038564293
12.821 2.0775 0.0037727424
12.837 2.0685 0.0036926388
12.853 2.0598 0.0036161369
12.87 2.0511 0.0035428554
12.887 2.0427 0.0034727758
12.903 2.0344 0.003405579
12.92 2.0262 0.003341203
12.937 2.0181 0.003279329
12.953 2.0102 0.0032200374
12.97 2.0024 0.003163067
12.987 1.9947 0.0031082985
13.004 1.9872 0.0030556319
13.021 1.9797 0.0030050672
13.038 1.9724 0.0029563043
13.055 1.9651 0.0029094434
13.072 1.958 0.0028643844
13.089 1.9509 0.0028209274
13.106 1.944 0.0027790722
13.123 1.9371 0.002738719
13.141 1.9304 0.0026998882
13.158 1.9237 0.0026624389
13.175 1.9171 0.0026262916
13.193 1.9105 0.0025914671
13.21 1.9041 0.0025578237
13.228 1.8977 0.0025255034
13.245 1.8914 0.002494264
13.263 1.8852 0.0024640479
13.28 1.879 0.0024350126
13.298 1.8729 0.0024069007
13.316 1.8669 0.0023798911
13.333 1.8609 0.0023537618
13.351 1.8549 0.0023285564
13.369 1.8491 0.0023042532
13.387 1.8433 0.0022807523
13.405 1.8375 0.0022581535
13.423 1.8318 0.0022363569
13.441 1.8261 0.0022153625
13.459 1.8205 0.0021950703
13.477 1.8149 0.0021754803
13.495 1.8094 0.0021565926
13.514 1.8039 0.0021385301
13.532 1.7985 0.0021210469
13.55 1.7931 0.0021041659
13.569 1.7877 0.0020880106
13.587 1.7824 0.0020724342
13.605 1.7771 0.00205746
13.624 1.7719 0.0020430118
13.643 1.7667 0.0020292662
13.661 1.7615 0.0020158989
13.68 1.7563 0.0020032581
13.699 1.7512 0.0019910197
13.717 1.7461 0.0019793594
13.736 1.741 0.0019682259
13.755 1.736 0.0019574949
13.774 1.7309 0.0019473664
13.793 1.7259 0.0019376404
13.812 1.721 0.0019284169
13.831 1.716 0.0019196959
13.85 1.7111 0.0019112773
13.87 1.7062 0.0019034869
13.889 1.7013 0.0018959735
13.908 1.6964 0.0018889626
13.928 1.6916 0.0018823802
13.947 1.6867 0.0018762744
13.966 1.6819 0.0018704712
13.986 1.6771 0.0018650968
14.006 1.6723 0.0018601252
14.025 1.6675 0.0018555297
14.045 1.6627 0.0018513635
14.065 1.658 0.0018476001
14.085 1.6532 0.0018442395
14.104 1.6485 0.0018411545
14.124 1.6437 0.0018385992
14.144 1.639 0.0018362468
14.164 1.6343 0.0018343972
14.184 1.6296 0.0018328503
14.205 1.6249 0.0018317341
14.225 1.6201 0.0018308929
14.245 1.6154 0.0018304545
14.265 1.6107 0.0018304189
14.286 1.606 0.0018307145
14.306 1.6013 0.0018313846
14.327 1.5966 0.0018323861
14.347 1.5919 0.0018337619
14.368 1.5872 0.0018355695
14.388 1.5825 0.0018376509
14.409 1.5778 0.0018400645
14.43 1.5731 0.001842981
14.451 1.5684 0.0018462007
14.472 1.5637 0.0018497234
14.493 1.559 0.0018536491
14.514 1.5542 0.0018579779
14.535 1.5495 0.0018627098
14.556 1.5447 0.0018677446
14.577 1.54 0.0018731826
14.599 1.5352 0.0018790541
14.62 1.5304 0.0018852983
14.641 1.5256 0.0018919455
14.663 1.5208 0.0018989268
14.684 1.516 0.0019063802
14.706 1.5111 0.001914268
14.728 1.5063 0.001922459
14.749 1.5014 0.0019311218
14.771 1.4965 0.0019402194
14.793 1.4916 0.0019497203
14.815 1.4867 0.0019597245
14.837 1.4817 0.001970132
14.859 1.4768 0.0019810428
14.881 1.4718 0.0019923568
14.903 1.4668 0.0020041742
14.925 1.4617 0.0020163949
14.948 1.4567 0.0020292518
14.97 1.4516 0.0020424792
14.993 1.4465 0.0020563431
15.015 1.4413 0.0020705772
15.038 1.4362 0.0020854481
15.06 1.431 0.0021008888
15.083 1.4257 0.0021168666
15.106 1.4205 0.0021334481
15.129 1.4152 0.002150533
15.152 1.4098 0.0021683215
15.175 1.4044 0.0021867135
15.198 1.399 0.002205709
15.221 1.3936 0.002225408
15.244 1.3881 0.0022457106
15.267 1.3826 0.0022667166
15.291 1.377 0.0022885614
15.314 1.3714 0.0023110746
15.337 1.3657 0.0023342912
15.361 1.36 0.002358447
15.385 1.3542 0.0023833066
15.408 1.3484 0.0024090339
15.432 1.3425 0.0024356008
15.456 1.3366 0.0024631715
15.48 1.3306 0.0024915459
15.504 1.3246 0.002521024
15.528 1.3185 0.0025514058
15.552 1.3124 0.0025827913
15.576 1.3061 0.0026153805
15.601 1.2999 0.0026490107
15.625 1.2935 0.0026838074
15.649 1.2871 0.0027198077
15.674 1.2806 0.0027571494
15.699 1.274 0.002795695
15.723 1.2673 0.0028356066
15.748 1.2606 0.0028770599
15.773 1.2538 0.0029199171
15.798 1.2469 0.0029642782
15.823 1.2399 0.0030103432
15.848 1.2328 0.003058112
15.873 1.2256 0.0031075847
15.898 1.2184 0.0031589611
15.924 1.211 0.0032122807
15.949 1.2035 0.003267665
15.974 1.1959 0.003325153
16 1.1882 0.0033848846
16.026 1.1804 0.0034471201
16.051 1.1724 0.0035117197
16.077 1.1643 0.0035789632
16.103 1.1561 0.0036490107
16.129 1.1478 0.0037219622
16.155 1.1393 0.0037981177
16.181 1.1306 0.0038773771
16.207 1.1219 0.0039602404
16.234 1.1129 0.0040467488
16.26 1.1038 0.00413722
16.287 1.0945 0.0042318366
16.313 1.085 0.0043308158
16.34 1.0753 0.0044345405
16.367 1.0654 0.0045433693
16.393 1.0553 0.0046574602
16.42 1.045 0.004777397
16.447 1.0345 0.0049035378
16.474 1.0237 0.0050363827
16.502 1.0126 0.0051763742
16.529 1.0013 0.0053240272
16.556 0.98975 0.0054799841
16.584 0.97787 0.0056449881
16.611 0.96567 0.005819853
16.639 0.95313 0.0060053651
16.667 0.94025 0.0062025814
16.694 0.92699 0.0064124581
16.722 0.91333 0.0066363824
16.75 0.89925 0.0068757108
16.779 0.88472 0.0071319873
16.807 0.86971 0.0074072238
16.835 0.85417 0.0077033644
16.863 0.83808 0.0080230088
16.892 0.82139 0.0083691018
16.92 0.80404 0.0087450542
16.949 0.78599 0.0091549554
16.978 0.76717 0.0096036607
17.007 0.7475 0.01009727
17.036 0.72691 0.010643383
17.065 0.70528 0.011249701
17.094 0.68251 0.011930022
17.123 0.65845 0.012697347
17.153 0.63293 0.013572722
17.182 0.60575 0.014581056
17.212 0.57662 0.015758439
17.241 0.54522 0.01715878
17.271 0.51109 0.018859171
17.301 0.4736 0.020984566
17.331 0.43183 0.023747965
17.361 0.38438 0.027551368
17.391 0.32882 0.033283774
17.422 0.26043 0.043464232
17.452 0.16881 0.069395647
17.483 0.075865 0.15998311
17.513 0.048667 0.25893453
17.544 0.039078 0.33531601
17.575 0.034134 0.39975748
17.606 0.031142 0.45707897
17.637 0.029205 0.50973045
17.668 0.027954 0.55910194
17.699 0.027237 0.60610343
17.73 0.027025 0.65134493
17.762 0.027362 0.69528647
17.794 0.028353 0.73826803
17.825 0.030139 0.78057953
17.857 0.032875 0.82244109
17.889 0.036707 0.86403265
17.921 0.041741 0.90553422
17.953 0.04803 0.94705579
17.986 0.055563 0.98874741
18.018 0.064265 1.030719
18.051 0.074013 1.0731206
18.083 0.084656 1.1160222
18.116 0.096042 1.1597238
18.149 0.10804 1.2043255
18.182 0.12058 1.2500271
18.215 0.13363 1.2972288
18.248 0.14724 1.3460304
18.282 0.16157 1.3968321
18.315 0.17682 1.4500338
18.349 0.19334 1.5059355
18.382 0.21155 1.5649371
18.416 0.23202 1.6274389
18.45 0.25547 1.6941406
18.484 0.28287 1.7655423
18.519 0.31544 1.8422441
18.553 0.35484 1.9250458
18.587 0.40331 2.0147475
18.622 0.46389 2.1118493
18.657 0.54087 2.2168511
18.692 0.64022 2.3293529
18.727 0.77027 2.4470547
18.762 0.94216 2.5637565
18.797 1.1692 2.6654583
18.832 1.4619 2.7246601
18.868 1.8145 2.6967619
18.904 2.1825 2.5344638
18.939 2.4819 2.2310656
18.975 2.6431 1.8487675
19.011 2.664 1.4739693
19.048 2.5893 1.1571712
19.084 2.465 0.9080031
19.12 2.3203 0.71684497
19.157 2.1696 0.57060689
19.194 2.0186 0.45825882
19.231 1.8684 0.37176074
19.268 1.7175 0.30611267
19.305 1.5633 0.2602746
19.342 1.4021 0.23907653
19.38 1.2302 0.25267852
19.417 1.0452 0.31524046
19.455 0.8526 0.45182244
19.493 0.69838 0.69017443
19.531 0.648 0.99547643
19.569 0.71043 1.3199984
19.608 0.90749 1.6498005
19.646 1.3159 1.9271025
19.685 1.9653 1.9180045
19.724 2.4754 1.4089066
19.763 2.5179 0.80771861
19.802 2.3341 0.41556066
19.841 2.1135 0.20381271
19.881 1.9155 0.10582481
19.92 1.7503 0.068143864
19.96 1.6115 0.054818969
20 1.4909 0.048964074
20.04 1.3821 0.04558818
20.08 1.2811 0.043601285
20.121 1.1845 0.042681443
20.161 1.0899 0.042717548
20.202 0.99498 0.043752706
20.243 0.89752 0.046016863
20.284 0.79461 0.050047019
20.325 0.68221 0.057046176
20.367 0.55336 0.070093384
20.408 0.39348 0.10026154
20.45 0.19201 0.21358474
20.492 0.10535 0.41410695
20.534 0.084011 0.56398915
20.576 0.076553 0.68368136
20.619 0.074442 0.78638361
20.661 0.075153 0.87827581
20.704 0.077616 0.96283806
20.747 0.081277 1.0422603
20.79 0.085815 1.1179626
20.833 0.091042 1.1911648
20.877 0.096864 1.2628671
20.921 0.10326 1.3336694
20.964 0.11027 1.4042716
21.008 0.11801 1.4753739
21.053 0.12664 1.5476763
21.097 0.13642 1.6216785
21.142 0.14766 1.6981809
21.186 0.16081 1.7779831
21.231 0.17644 1.8618855
21.277 0.19534 1.9508878
21.322 0.21858 2.0464902
21.368 0.24768 2.1501925
21.413 0.28483 2.2638948
21.459 0.33328 2.3899972
21.505 0.39808 2.5316996
21.552 0.48726 2.692602
21.598 0.6142 2.8760043
21.645 0.80175 3.0829067
21.692 1.089 3.3032091
21.739 1.535 3.4902115
21.786 2.1815 3.5040138
21.834 2.885 3.1239163
21.882 3.2669 2.3916187
21.93 3.2285 1.6865211
21.978 2.9886 1.1912235
22.026 2.7055 0.87121589
22.075 2.4336 0.66247834
22.124 2.1841 0.52175078
22.173 1.9544 0.42404321
22.222 1.7391 0.35529563
22.272 1.5318 0.3077881
22.321 1.3256 0.27790051
22.371 1.1124 0.26570297
22.422 0.88112 0.27762546
22.472 0.61805 0.3394079
22.523 0.36048 0.51875038
22.573 0.22819 0.7599428
22.624 0.17315 0.96326527
22.676 0.14609 1.1327578
22.727 0.13148 1.2801602
22.779 0.12348 1.4131627
22.831 0.11947 1.5365652
22.883 0.11815 1.6537677
22.936 0.11887 1.7672702
22.989 0.12135 1.8790727
23.041 0.12551 1.9909751
23.095 0.13148 2.1047776
23.148 0.13955 2.2222801
23.202 0.1502 2.3454826
23.256 0.16419 2.4767851
23.31 0.18269 2.6192876
23.364 0.20754 2.77679
23.419 0.24178 2.9551926
23.474 0.29065 3.1625951
23.529 0.36381 3.4112975
23.585 0.48074 3.7211001
23.641 0.68539 4.1234026
23.697 1.0918 4.6602051
23.753 2.0285 5.2918075
23.81 3.9937 5.1174101
23.866 4.952 2.9968125
23.923 4.2449 1.580415
23.981 3.4624 0.99634752
24.038 2.8255 0.73809998
24.096 2.2849 0.62497247
24.155 1.7864 0.603335
24.213 1.2896 0.68371746
24.272 0.82196 0.94095995
24.331 0.54151 1.3328324
24.39 0.42029 1.6934349
24.45 0.36762 2.0051374
24.51 0.3486 2.2877399
24.57 0.35093 2.5576423
24.631 0.37066 2.8275448
24.691 0.40813 3.1088472
24.752 0.46736 3.4133497
24.814 0.55729 3.7556522
24.876 0.69558 4.1549546
24.938 0.91831 4.6384571
25 1.305 5.2404595
25.063 2.0464 5.9732619
25.126 3.565 6.5934644
25.189 5.8714 5.8386668
25.253 6.6891 3.5412692
25.316 6.0896 2.0027716
25.381 5.3651 1.254474
25.445 4.7733 0.86650641
25.51 4.3036 0.64363881
25.575 3.9218 0.50460118
25.641 3.6016 0.41247358
25.707 3.3247 0.34877596
25.773 3.0786 0.30353831
25.84 2.8543 0.27103069
25.907 2.645 0.24785304
25.974 2.4454 0.23198537
26.042 2.2508 0.22230772
26.11 2.0567 0.21844004
26.178 1.8585 0.22074235
26.247 1.6506 0.23067467
26.316 1.4255 0.25181696
26.385 1.1721 0.29315924
26.455 0.87506 0.38148152
26.525 0.55556 0.59218379
26.596 0.35983 0.91398606
26.667 0.27638 1.2060183
26.738 0.23502 1.4563205
26.81 0.2119 1.6794228
26.882 0.19861 1.885525
26.954 0.19156 2.0813272
27.027 0.189 2.2714294
27.1 0.19005 2.4594316
27.174 0.19429 2.6484337
27.248 0.20163 2.8413359
27.322 0.21221 3.040838
27.397 0.22643 3.2501402
27.473 0.24493 3.4726423
27.548 0.26877 3.7126444
27.624 0.29951 3.9752465
27.701 0.33955 4.2675486
27.778 0.39268 4.5988506
27.855 0.46503 4.9823527
27.933 0.56723 5.4374547
28.011 0.71884 5.9941567
28.09 0.95956 6.7007587
28.169 1.3802 7.6384607
28.249 2.2244 8.9346627
28.329 4.2617 10.613665
28.409 9.0388 10.627667
28.49 11.444 5.6847685
28.571 9.9824 2.6990704
28.653 8.5847 1.5379723
28.736 7.5897 1.0034742
28.818 6.8663 0.71442606
28.902 6.3164 0.53961791
28.986 5.8818 0.42517975
29.07 5.5272 0.34578155
29.155 5.2304 0.28824334
29.24 4.9766 0.24507511
29.326 4.7557 0.21180687
29.412 4.5604 0.1855986
29.499 4.3856 0.16457032
29.586 4.2271 0.14744202
29.674 4.082 0.1333337
29.762 3.9478 0.12159536
29.851 3.8226 0.111747
29.94 3.7048 0.10343861
30.03 3.5931 0.096409215
30.12 3.4863 0.090452787
30.211 3.3836 0.085412348
30.303 3.2839 0.081168895
30.395 3.1865 0.077630412
30.488 3.0907 0.074728916
30.581 2.9958 0.072415389
30.675 2.9011 0.070660847
30.769 2.8058 0.069450275
30.864 2.7093 0.068786688
30.96 2.6107 0.068692085
31.056 2.5091 0.069211451
31.153 2.4036 0.070418801
31.25 2.2927 0.07242812
31.348 2.1751 0.075414421
31.447 2.0487 0.079648705
31.546 1.9109 0.085561958
31.646 1.7581 0.093882192
31.746 1.5846 0.1059554
31.847 1.3815 0.12460658
31.949 1.1318 0.15718774
32.051 0.79858 0.23215888
32.154 0.3739 0.52109999
32.258 0.2129 0.97158108
32.362 0.16742 1.3245321
32.468 0.14753 1.6276332
32.573 0.13778 1.9066342
32.68 0.1336 2.1748352
32.787 0.13323 2.4405362
32.895 0.13598 2.7101371
33.003 0.1417 2.989438
33.113 0.1506 3.2842389
33.223 0.16327 3.6016398
33.333 0.18076 3.9498406
33.445 0.20483 4.3402414
33.557 0.23847 4.7888422
33.67 0.28692 5.319343
33.784 0.36019 5.9702437
33.898 0.47932 6.8084444
34.014 0.69596 7.9640451
34.13 1.1705 9.7330458
34.247 2.6567 12.940746
34.364 11.933 17.483747
34.483 15.607 4.2086476
34.602 11.563 1.4271482
34.722 9.5613 0.7416287
34.843 8.3715 0.4657492
34.965 7.5674 0.32492967
35.088 6.9766 0.24296012
35.211 6.5145 0.19308054
35.336 6.1323 0.16451093
35.461 5.7944 0.15282129
35.587 5.4604 0.16567163
35.714 5.0444 0.26930194
35.842 4.5554 1.2674522
35.971 6.1469 0.59572248
36.101 5.5955 0.1402727
36.232 5.309 0.068573904
36.364 5.1201 0.050376076
36.496 4.9757 0.04352022
36.63 4.8566 0.038830336
36.765 4.7541 0.035030425
36.9 4.6637 0.031836485
37.037 4.5827 0.029098518
37.175 4.5092 0.026717523
37.313 4.4419 0.0246265
37.453 4.38 0.022776448
37.594 4.3226 0.021127369
37.736 4.2693 0.019649261
37.879 4.2194 0.018319126
38.023 4.1726 0.017115962
38.168 4.1287 0.016023771
38.314 4.0872 0.015029551
38.462 4.048 0.014120302
38.61 4.0109 0.013286027
38.76 3.9756 0.012520722
38.911 3.9421 0.011814389
39.062 3.9102 0.011162031
39.216 3.8797 0.01055924
39.37 3.8505 0.0099998241
39.526 3.8226 0.009480078
39.683 3.7959 0.0089965043
39.841 3.7703 0.0085458034
40 3.7456 0.0081251753
40.161 3.7219 0.0077320167
40.323 3.6991 0.0073642311
40.486 3.6771 0.0070197186
40.65 3.6559 0.0066965795
40.816 3.6354 0.00639341
40.984 3.6156 0.0061087098
41.152 3.5965 0.0058410876
41.322 3.578 0.0055893349
41.494 3.5601 0.0053523518
41.667 3.5427 0.0051293428
41.841 3.5258 0.0049192083
42.017 3.5095 0.0047211435
42.194 3.4936 0.0045344536
42.373 3.4782 0.0043584336
42.553 3.4632 0.0041924888
42.735 3.4486 0.0040359142
42.918 3.4344 0.0038881153
43.103 3.4206 0.0037487868
43.29 3.4072 0.0036173288
43.478 3.394 0.0034932471
43.668 3.3813 0.0033761363
43.86 3.3688 0.0032656964
44.053 3.3566 0.0031615337
44.248 3.3447 0.0030632423
44.444 3.3331 0.0029705287
44.643 3.3218 0.0028830806
44.843 3.3107 0.0028006107
45.045 3.2999 0.0027228131
45.249 3.2893 0.0026493878
45.455 3.2789 0.0025801352
45.662 3.2688 0.0025148621
45.872 3.2589 0.0024533554
46.083 3.2492 0.0023952289
46.296 3.2396 0.0023404762
46.512 3.2303 0.0022886905
46.729 3.2211 0.002239886
46.948 3.2122 0.0021938561
47.17 3.2034 0.0021502941
47.393 3.1947 0.0021092142
47.619 3.1863 0.0020703028
47.847 3.178 0.0020334672
48.077 3.1698 0.0019987077
48.309 3.1618 0.0019656248
48.544 3.1539 0.0019343114
48.78 3.1461 0.0019046826
49.02 3.1385 0.0018764167
49.261 3.1311 0.0018495362
49.505 3.1237 0.0018240266
49.751 3.1164 0.0017995957
50 3.1093 0.0017763366
50.251 3.1023 0.001754057
50.505 3.0954 0.0017327498
50.761 3.0886 0.0017123231
51.02 3.0819 0.0016927697
51.282 3.0753 0.0016739099
51.546 3.0688 0.0016557819
51.813 3.0623 0.0016383084
52.083 3.056 0.0016214499
52.356 3.0497 0.001605157
52.632 3.0435 0.0015893899
52.91 3.0374 0.0015741369
53.191 3.0314 0.0015593608
53.476 3.0254 0.0015450145
53.763 3.0195 0.0015310937
54.054 3.0137 0.0015175636
54.348 3.0079 0.0015044225
54.645 3.0022 0.0014916608
54.945 2.9965 0.0014792491
55.249 2.9909 0.0014671804
55.556 2.9853 0.0014554627
55.866 2.9797 0.0014440867
56.18 2.9742 0.0014330552
56.497 2.9687 0.0014223766
56.818 2.9632 0.0014120538
57.143 2.9578 0.0014021074
57.471 2.9523 0.0013925455
57.803 2.9468 0.0013834013
58.14 2.9413 0.0013746881
58.48 2.9358 0.0013664712
58.824 2.9303 0.0013587739
59.172 2.9247 0.0013516769
59.524 2.9191 0.0013452408
59.88 2.9134 0.0013395664
60.241 2.9075 0.001334767
60.606 2.9016 0.0013309905
60.976 2.8955 0.0013284307
61.35 2.8892 0.0013273352
61.728 2.8827 0.0013280148
62.112 2.8759 0.0013308962
62.5 2.8687 0.0013365441
62.893 2.8611 0.0013457424
63.291 2.8529 0.0013595618
63.694 2.8441 0.0013795531
64.103 2.8343 0.0014079602
64.516 2.8233 0.0014482478
64.935 2.8107 0.0015057929
65.359 2.7959 0.0015894932
65.789 2.778 0.0017149228
66.225 2.7553 0.0019113327
66.667 2.7251 0.0022387238
67.114 2.6818 0.0028594035
67.568 2.6132 0.0069801597
68.027 2.4846 0.029381306
68.493 2.1404 0.11604433
68.966 1.4257 2.4733513
69.444 3.8779 0.17070833
69.93 3.3344 0.014168306
70.423 3.1676 0.0046524615
70.922 3.0864 0.0029866065
71.429 3.0376 0.0022435301
71.942 3.0047 0.0018454454
72.464 2.9806 0.0016058354
72.993 2.962 0.0014492633
73.529 2.947 0.0013402301
74.074 2.9346 0.0012604352
74.627 2.924 0.0011995857
75.188 2.9148 0.0011515528
75.758 2.9067 0.0011125119
76.336 2.8994 0.0010799699
76.923 2.8928 0.0010522225
77.519 2.8867 0.0010281209
78.125 2.8811 0.001006811
78.74 2.8759 0.0009876995
79.365 2.8711 0.00097034244
80 2.8665 0.00095439118
80.645 2.8621 0.00093958709
81.301 2.858 0.00092573646
81.967 2.8541 0.0009126758
82.645 2.8504 0.00090027654
83.333 2.8468 0.00088845008
84.034 2.8433 0.00087710326
84.746 2.84 0.00086616733
85.47 2.8368 0.00085558903
86.207 2.8337 0.00084533527
86.957 2.8307 0.00083534775
87.719 2.8278 0.00082560265
88.496 2.8249 0.00081607813
89.286 2.8222 0.0008067449
90.09 2.8195 0.00079758023
90.909 2.8169 0.00078857162
91.743 2.8144 0.00077970092
92.593 2.8119 0.00077096585
93.458 2.8095 0.00076234246
94.34 2.8071 0.0007538145
95.238 2.8048 0.00074539798
96.154 2.8025 0.00073706701
97.087 2.8003 0.00072881755
98.039 2.7982 0.00072064406
99.01 2.7961 0.00071253877
100 2.794 0.00070449388
101.01 2.7919 0.00069651796
102.04 2.79 0.00068860326
103.09 2.788 0.00068074197
104.17 2.7861 0.00067290246
105.26 2.7842 0.00066515492
106.38 2.7824 0.00065743441
107.53 2.7805 0.00064973464
108.7 2.7788 0.00064209062
109.89 2.777 0.0006344941
111.11 2.7753 0.00062692659
112.36 2.7736 0.00061939145
113.64 2.772 0.00061188194
114.94 2.7704 0.00060442967
116.28 2.7688 0.00059697028
117.65 2.7672 0.00058955571
119.05 2.7657 0.00058216883
120.48 2.7642 0.00057482238
121.95 2.7627 0.0005674734
123.46 2.7612 0.00056015609
125 2.7598 0.00055286895
126.58 2.7584 0.00054560031
128.21 2.757 0.00053834061
129.87 2.7557 0.00053112068
131.58 2.7543 0.00052390782
133.33 2.753 0.00051671867
135.14 2.7517 0.00050952395
136.99 2.7505 0.00050237112
138.89 2.7492 0.0004952328
140.85 2.748 0.00048810348
142.86 2.7468 0.00048099777
144.93 2.7457 0.00047390076
147.06 2.7445 0.00046681745
149.25 2.7434 0.00045975262
151.52 2.7423 0.0004526865
153.85 2.7412 0.00044563957
156.25 2.7401 0.00043861962
158.73 2.7391 0.00043159609
161.29 2.7381 0.0004245852
163.93 2.737 0.00041759287
166.67 2.7361 0.00041059599
169.49 2.7351 0.00040363024
172.41 2.7341 0.00039666356
175.44 2.7332 0.00038969006
178.57 2.7323 0.00038275026
181.82 2.7314 0.00037580608
185.19 2.7305 0.00036886578
188.68 2.7297 0.0003619471
192.31 2.7289 0.00035502545
196.08 2.728 0.00034811988
200 2.7272 0.00034121873
204.08 2.7265 0.00033432122
208.33 2.7257 0.00032743744
212.77 2.7249 0.00032054925
217.39 2.7242 0.00031367649
222.22 2.7235 0.00030680369
227.27 2.7228 0.00029993459
232.56 2.7221 0.00029307575
238.1 2.7215 0.00028621267
243.9 2.7208 0.00027937104
250 2.7202 0.00027251698
256.41 2.7196 0.00026567919
263.16 2.719 0.00025883734
270.27 2.7184 0.00025200387
277.78 2.7179 0.00024517231
285.71 2.7173 0.00023834815
294.12 2.7168 0.00023152011
303.03 2.7163 0.00022470047
312.5 2.7158 0.00021788133
322.58 2.7153 0.00021106556
333.33 2.7148 0.00020425256
344.83 2.7144 0.00019743957
357.14 2.714 0.00019063161
370.37 2.7135 0.00018382327
384.62 2.7131 0.00017701562
400 2.7128 0.00017021203
416.67 2.7124 0.00016340674
434.78 2.712 0.00015660609
454.55 2.7117 0.00014980208
476.19 2.7114 0.00014300217
500 2.7111 0.00013620079
526.32 2.7108 0.00012940055
555.56 2.7105 0.00012259973
588.24 2.7102 0.00011579872
625 2.71 0.00010899912
666.67 2.7097 0.00010219653
714.29 2.7095 9.5395194e-05
769.23 2.7093 8.8592328e-05
833.33 2.7091 8.1788276e-05
909.09 2.709 7.4983046e-05
1000 2.7088 6.8177105e-05

