0.08 1.2095608 0.91175142
0.081 1.2364706 0.91336647
0.082 1.2601208 0.90907031
0.083 1.2834766 0.89965109
0.084 1.2949497 0.88385058
0.085 1.3048543 0.86784959
0.086 1.3090047 0.86078241
0.087 1.3066762 0.86175722
0.088 1.3055446 0.87152701
0.089 1.3056346 0.88902542
0.09 1.3102837 0.90709207
0.091 1.327033 0.92497452
0.092 1.3561295 0.93384338
0.093 1.3944608 0.94271223
0.094 1.4176017 0.9445526
0.095 1.4402352 0.94244914
0.096 1.4586792 0.94296743
0.097 1.4720787 0.94664269
0.098 1.4854781 0.95122441
0.099 1.5101997 0.95663668
0.1 1.5419271 0.95899347
0.101 1.573607 0.95495032
0.102 1.6052083 0.95073044
0.103 1.6368096 0.93898994
0.104 1.6628971 0.92724944
0.105 1.6878759 0.91123281
0.106 1.709432 0.88901365
0.107 1.7250719 0.8667945
0.108 1.7407117 0.84381768
0.109 1.7519841 0.81986741
0.11 1.754617 0.80555454
0.111 1.7572499 0.79613681
0.112 1.7598828 0.78671907
0.113 1.7624037 0.78028696
0.114 1.7648646 0.77808138
0.115 1.7673255 0.77587581
0.116 1.7697864 0.77367024
0.117 1.7808224 0.76994892
0.118 1.7953603 0.760064
0.119 1.8100243 0.75017908
0.12 1.8257848 0.73752559
0.121 1.8415453 0.72275878
0.122 1.8568538 0.70799197
0.123 1.8678838 0.6928755
0.124 1.8789139 0.67745301
0.125 1.8811403 0.66203053
0.126 1.8752648 0.64633309
0.127 1.8691569 0.63061596
0.128 1.8615979 0.63015527
0.129 1.8540388 0.63274089
0.13 1.8470044 0.63909728
0.131 1.8574495 0.64554189
0.132 1.8678945 0.64633154
0.133 1.8793687 0.63871255
0.134 1.8911676 0.62644809
0.135 1.8911837 0.61756746
0.136 1.887303 0.60980595
0.137 1.8821315 0.60640994
0.138 1.8743308 0.61190693
0.139 1.86653 0.62149898
0.14 1.8587293 0.6502715
0.141 1.8726683 0.68845928
0.142 1.8953059 0.71682508
0.143 1.9363466 0.73323769
0.144 1.9810926 0.73553549
0.145 2.0394406 0.73783329
0.146 2.1049337 0.72383577
0.147 2.1575272 0.66646649
0.148 2.1972678 0.59914068
0.149 2.2304074 0.52709024
0.15 2.2396888 0.40832334
0.151 2.2489702 0.26140798
0.152 2.2493389 0.15993038
0.153 2.240446 0.074176614
0.154 2.2315531 0.042088307
0.155 2.2114548 0.01
0.156 2.1893454 0.003
0.157 2.167236 0.001
0.158 2.1507178 0.0003
0.159 2.1372691 0.0001
0.16 2.1238204 4e-05
0.161 2.1103717 2e-05
0.162 2.0969229 1.2e-05
0.163 2.0843188 9e-06
0.164 2.0733799 7e-06
0.165 2.062441 6e-06
0.166 2.051502 5.5e-06
0.167 2.0405631 5.2e-06
0.168 2.0296242 4.900004e-06
0.169 2.0191044 4.6781661e-06
0.17 2.0116532 4.5359187e-06
0.171 2.004202 4.4007723e-06
0.172 1.9967508 4.2772632e-06
0.173 1.9892996 4.1643041e-06
0.174 1.9818484 4.0587474e-06
0.175 1.9743973 3.9498162e-06
0.176 1.967544 3.8522418e-06
0.177 1.9615516 3.7595375e-06
0.178 1.9555593 3.6654336e-06
0.179 1.9495669 3.5760902e-06
0.18 1.9435746 3.4930212e-06
0.181 1.9375823 3.4262193e-06
0.182 1.9315899 3.3534931e-06
0.183 1.9255976 3.2883952e-06
0.184 1.9196052 3.2387843e-06
0.185 1.914039 3.1769899e-06
0.186 1.9098873 3.126018e-06
0.187 1.9057357 3.1014485e-06
0.188 1.901584 3.0764095e-06
0.189 1.8974324 3.0520637e-06
0.19 1.8932807 3.0397182e-06
0.191 1.8891291 3.0222808e-06
0.192 1.8849774 2.9941766e-06
0.193 1.8808258 2.9768491e-06
0.194 1.8766741 2.9536362e-06
0.195 1.8725225 2.923465e-06
0.196 1.8683708 2.8780204e-06
0.197 1.8642192 2.8281163e-06
0.198 1.8600675 2.7719467e-06
0.199 1.8559159 2.696638e-06
0.2 1.8517642 2.6137057e-06
0.201 1.8476126 2.52149e-06
0.202 1.8440004 2.4137476e-06
0.203 1.841304 2.2957869e-06
0.204 1.8386076 2.1745371e-06
0.205 1.8359112 2.0501733e-06
0.206 1.8332148 1.9128652e-06
0.207 1.8305184 1.7870308e-06
0.208 1.827822 1.671759e-06
0.209 1.8251256 1.5519419e-06
0.21 1.8224291 1.4283282e-06
0.211 1.8197327 1.3259327e-06
0.212 1.8170363 1.2178962e-06
0.213 1.8143399 1.1177399e-06
0.214 1.8116435 1.0372371e-06
0.215 1.8089471 9.596041e-07
0.216 1.8062507 8.9228147e-07
0.217 1.8035543 8.2593477e-07
0.218 1.8008579 7.5819913e-07
0.219 1.7981615 7.1239849e-07
0.22 1.7954651 6.6571944e-07
0.221 1.7927687 6.2341779e-07
0.222 1.7900722 5.7279115e-07
0.223 1.7873758 5.3045068e-07
0.224 1.7846794 5.0309255e-07
0.225 1.781983 4.7643668e-07
0.226 1.7792866 4.4599881e-07
0.227 1.7765902 4.2056763e-07
0.228 1.7743389 3.8777782e-07
0.229 1.7727273 3.5440644e-07
0.23 1.7711157 3.2737709e-07
0.231 1.7695041 3.0608884e-07
0.232 1.7678926 2.8545435e-07
0.233 1.766281 2.7220501e-07
0.234 1.7646694 2.6257873e-07
0.235 1.7630579 2.2865731e-07
0.236 1.7614463 2.0020163e-07
0.237 1.7598347 1.8490476e-07
0.238 1.7582231 1.8064278e-07
0.239 1.7566116 1.6687881e-07
0.24 1.755 1.4895221e-07
0.241 1.7535333 1.4298935e-07
0.242 1.7520667 1.3690927e-07
0.243 1.7506 1.1816196e-07
0.244 1.7491333 9.8240334e-08
0.245 1.7476667 9.3315463e-08
0.246 1.7462 8.6298924e-08
0.247 1.7447333 7.9973321e-08
0.248 1.7432667 6.6150945e-08
0.249 1.7418 5.5324243e-08
0.25 1.7403333 5.3625624e-08
0.26 1.7287 0
0.27 1.7175074 0
0.28 1.7086589 0
0.29 1.7005196 0
0.3 1.6935 0
0.31 1.6876 0
0.32 1.6823242 0
0.33 1.6776727 0
0.34 1.6737018 0
0.35 1.6707345 0
0.36 1.6677673 0
0.37 1.6648 0
0.38 1.6624667 0
0.39 1.6601333 0
0.4 1.6578 0
0.41 1.6560689 0
0.42 1.6543379 0
0.43 1.6526068 0
0.44 1.651228 0
0.45 1.6501567 0
0.46 1.6490853 0
0.47 1.648014 0
0.48 1.6469427 0
0.49 1.6458713 0
0.5 1.6448 0
0.51 1.644 0
0.52 1.6432 0
0.53 1.6424 0
0.54 1.6416 0
0.55 1.6408 0
0.56 1.6401995 0
0.57 1.639599 0
0.58 1.6389984 0
0.59 1.6383979 0
0.6 1.6377974 0
0.61 1.6371969 0
0.62 1.6366943 0
0.63 1.6363825 0
0.64 1.6360707 0
0.65 1.6357589 0
0.66 1.6354471 0
0.67 1.6351353 0
0.68 1.6348236 0
0.69 1.6345118 0
0.7 1.6342 0
0.71 1.63401 0
0.72 1.63382 0
0.73 1.63363 0
0.74 1.63344 0
0.75 1.63325 0
0.76 1.63306 0
0.77 1.63287 0
0.78 1.63268 0
0.79 1.63249 0
0.8 1.6323 0
0.81 1.63213 0
0.82 1.63196 0
0.83 1.63179 0
0.84 1.63162 0
0.85 1.63145 0
0.86 1.63128 0
0.87 1.63111 0
0.88 1.63094 0
0.89 1.63077 0
0.9 1.6306 0
0.91 1.63045 0
0.92 1.6303 0
0.93 1.63015 0
0.94 1.63 0
0.95 1.62985 0
0.96 1.6297 0
0.97 1.62955 0
0.98 1.6294 0
0.99 1.62925 0
1 1.6291 0
1.01 1.62897 0
1.02 1.62884 0
1.03 1.62871 0
1.04 1.62858 0
1.05 1.62845 0
1.06 1.62832 0
1.07 1.62819 0
1.08 1.62806 0
1.09 1.62793 0
1.1 1.6278 0
1.11 1.6277249 0
1.12 1.6276499 0
1.13 1.6275748 0
1.14 1.6274997 0
1.15 1.6274247 0
1.16 1.6273496 0
1.17 1.6272745 0
1.18 1.6271995 0
1.19 1.6271244 0
1.2 1.6270493 0
1.21 1.6269743 0
1.22 1.6268992 0
1.23 1.6268242 0
1.24 1.6267491 0
1.25 1.626674 0
1.26 1.6265 0
1.27 1.6265 0
1.28 1.6264 0
1.29 1.6263 0
1.3 1.6262 0
1.31 1.6262 0
1.32 1.6261 0
1.33 1.626 0
1.34 1.6259 0
1.35 1.6259 0
1.36 1.6258 0
1.37 1.6257 0
1.38 1.6256 0
1.39 1.6256 0
1.4 1.6255 0
1.41 1.6254 0
1.42 1.6253 0
1.43 1.6252 0
1.44 1.6252 0
1.45 1.6251 0
1.46 1.625 0
1.47 1.6249 0
1.48 1.6248 0
1.49 1.6247 0
1.5 1.6247 0
1.51 1.6246 0
1.52 1.6245 0
1.53 1.6244 0
1.54 1.6243 0
1.55 1.6242 0
1.56 1.6241 0
1.57 1.624 0
1.58 1.624 0
1.59 1.6239 0
1.6 1.6238 0
1.61 1.6237 0
1.62 1.6236 0
1.63 1.6235 0
1.64 1.6234 0
1.65 1.6233 0
1.66 1.6232 0
1.67 1.6231 0
1.68 1.623 0
1.69 1.6229 0
1.7 1.6228 0
1.71 1.6227 0
1.72 1.6226 0
1.73 1.6225 0
1.74 1.6224 0
1.75 1.6223 0
1.76 1.6222 0
1.77 1.6221 0
1.78 1.622 0
1.79 1.6219 0
1.8 1.6218 0
1.81 1.6217 0
1.82 1.6216 0
1.83 1.6215 0
1.84 1.6214 0
1.85 1.6213 0
1.86 1.6212 0
1.87 1.6211 0
1.88 1.621 0
1.89 1.6209 0
1.9 1.6208 0
1.91 1.6207 0
1.92 1.6206 0
1.93 1.6205 0
1.94 1.6203 0
1.95 1.6202 0
1.96 1.6201 0
1.97 1.62 0
1.98 1.6199 0
1.99 1.6198 0
2 1.6197 0
2.01 1.6195 0
2.02 1.6194 0
2.03 1.6193 0
2.04 1.6192 0
2.05 1.6191 0
2.06 1.619 0
2.07 1.6188 0
2.08 1.6187 0
2.09 1.6186 0
2.1 1.6185 0
2.11 1.6184 0
2.12 1.6182 0
2.13 1.6181 0
2.14 1.618 0
2.15 1.6179 0
2.16 1.6177 0
2.17 1.6176 0
2.18 1.6175 0
2.19 1.6174 0
2.2 1.6172 0
2.21 1.6171 0
2.22 1.617 0
2.23 1.6168 0
2.24 1.6167 0
2.25 1.6166 0
2.26 1.6165 0
2.27 1.6163 0
2.28 1.6162 0
2.29 1.6161 0
2.3 1.6159 0
2.31 1.6158 0
2.32 1.6157 0
2.33 1.6155 0
2.34 1.6154 0
2.35 1.6152 0
2.36 1.6151 0
2.37 1.615 0
2.38 1.6148 0
2.39 1.6147 0
2.4 1.6145 0
2.41 1.6144 0
2.42 1.6143 0
2.43 1.6141 0
2.44 1.614 0
2.45 1.6138 0
2.46 1.6137 0
2.47 1.6135 0
2.48 1.6134 0
2.49 1.6133 0
2.5 1.6131 0
2.51 1.613 0
2.52 1.6128 0
2.53 1.6127 0
2.54 1.6125 0
2.55 1.6124 0
2.56 1.6122 0
2.57 1.6121 0
2.58 1.6119 0
2.59 1.6118 0
2.6 1.6116 0
2.61 1.6114 0
2.62 1.6113 0
2.63 1.6111 0
2.64 1.611 0
2.65 1.6108 0
2.66 1.6107 0
2.67 1.6105 0
2.68 1.6103 0
2.69 1.6102 0
2.7 1.61 0
2.71 1.6099 0
2.72 1.6097 0
2.73 1.6095 0
2.74 1.6094 0
2.75 1.6092 0
2.76 1.609 0
2.77 1.6089 0
2.78 1.6087 0
2.79 1.6085 0
2.8 1.6084 0
2.81 1.6082 0
2.82 1.608 0
2.83 1.6079 0
2.84 1.6077 0
2.85 1.6075 0
2.86 1.6074 0
2.87 1.6072 0
2.88 1.607 0
2.89 1.6068 0
2.9 1.6067 0
2.91 1.6065 0
2.92 1.6063 0
2.93 1.6061 0
2.94 1.606 0
2.95 1.6058 0
2.96 1.6056 0
2.97 1.6054 0
2.98 1.6052 0
2.99 1.6051 0
3 1.6049 0
3.01 1.6047 0
3.02 1.6045 0
3.03 1.6043 0
3.04 1.6041 0
3.05 1.604 0
3.06 1.6038 0
3.07 1.6036 0
3.08 1.6034 0
3.09 1.6032 0
3.1 1.603 0
3.11 1.6028 0
3.12 1.6026 0
3.13 1.6025 0
3.14 1.6023 0
3.15 1.6021 0
3.16 1.6019 0
3.17 1.6017 0
3.18 1.6015 0
3.19 1.6013 0
3.2 1.6011 0
3.21 1.6009 0
3.22 1.6007 0
3.23 1.6005 0
3.24 1.6003 0
3.25 1.6001 0
3.26 1.5999 0
3.27 1.5997 0
3.28 1.5995 0
3.29 1.5993 1.298238e-07
3.3 1.5991 2.0382061e-07
3.31 1.5989 2.9483527e-07
3.32 1.5987 3.4598665e-07
3.33 1.5985 3.2046372e-07
3.34 1.5983 2.9722666e-07
3.35 1.5981 2.7141836e-07
3.36 1.5978 2.6630053e-07
3.37 1.5976 3.2336769e-07
3.38 1.5974 3.5736813e-07
3.39 1.5972 3.3892853e-07
3.4 1.597 3.357984e-07
3.41 1.5968 4.0635294e-07
3.42 1.5966 5.0811396e-07
3.43 1.5964 5.8038398e-07
3.44 1.5961 6.3472233e-07
3.45 1.5959 6.7460416e-07
3.46 1.5957 7.3176266e-07
3.47 1.5955 8.545994e-07
3.48 1.5953 1.0352927e-06
3.49 1.5951 1.2369558e-06
3.5 1.5948 1.4583239e-06
3.51 1.5946 1.628235e-06
3.52 1.5944 1.7586816e-06
3.53 1.5942 1.9065512e-06
3.54 1.5939 2.0876145e-06
3.55 1.5937 2.2827938e-06
3.56 1.5935 2.481464e-06
3.57 1.5933 2.6664755e-06
3.58 1.593 2.8240135e-06
3.59 1.5928 3.0307608e-06
3.6 1.5926 3.2814229e-06
3.61 1.5924 3.5927324e-06
3.62 1.5921 3.9805985e-06
3.63 1.5919 4.4227051e-06
3.64 1.5917 4.8431592e-06
3.65 1.5914 5.3184087e-06
3.66 1.5912 5.9531495e-06
3.67 1.591 6.7511495e-06
3.68 1.5907 7.6854805e-06
3.69 1.5905 8.6810968e-06
3.7 1.5903 9.6275415e-06
3.71 1.59 1.0532358e-05
3.72 1.5898 1.1388006e-05
3.73 1.5896 1.2183246e-05
3.74 1.5893 1.28151e-05
3.75 1.5891 1.3329995e-05
3.76 1.5888 1.3796565e-05
3.77 1.5886 1.4164372e-05
3.78 1.5883 1.4406944e-05
3.79 1.5881 1.4546525e-05
3.8 1.5879 1.4602872e-05
3.81 1.5876 1.4623726e-05
3.82 1.5874 1.4543085e-05
3.83 1.5871 1.4385793e-05
3.84 1.5869 1.4137583e-05
3.85 1.5866 1.3800808e-05
3.86 1.5864 1.3425404e-05
3.87 1.5861 1.3041717e-05
3.88 1.5859 1.2712244e-05
3.89 1.5856 1.2744885e-05
3.9 1.5854 1.3499665e-05
3.91 1.5851 1.5017556e-05
3.92 1.5848 1.6908423e-05
3.93 1.5846 1.8664122e-05
3.94 1.5843 2.0318658e-05
3.95 1.5841 2.2285465e-05
3.96 1.5838 2.508223e-05
3.97 1.5836 2.9236769e-05
3.98 1.5833 3.4520591e-05
3.99 1.583 3.977939e-05
4 1.5828 4.3094664e-05
4.01 1.5825 4.1440762e-05
4.02 1.5822 3.3678267e-05
4.03 1.582 2.4459428e-05
4.04 1.5817 1.7435686e-05
4.05 1.5814 1.2781945e-05
4.06 1.5812 9.8860825e-06
4.07 1.5809 8.1267791e-06
4.08 1.5806 7.0316488e-06
4.09 1.5804 6.3633912e-06
4.1 1.5801 5.9971657e-06
4.11 1.5798 5.8495774e-06
4.12 1.5796 5.873971e-06
4.13 1.5793 6.0271766e-06
4.14 1.579 6.2261372e-06
4.15 1.5787 6.429609e-06
4.16 1.5784 6.6317929e-06
4.17 1.5782 6.8491375e-06
4.18 1.5779 7.0818978e-06
4.19 1.5776 7.3307129e-06
4.2 1.5773 7.6060658e-06
4.21 1.577 7.8975432e-06
4.22 1.5768 8.223593e-06
4.23 1.5765 8.581615e-06
4.24 1.5762 8.9870304e-06
4.25 1.5759 9.4511965e-06
4.26 1.5756 9.992278e-06
4.27 1.5753 1.0624399e-05
4.28 1.575 1.1379817e-05
4.29 1.5748 1.2244207e-05
4.3 1.5745 1.3169683e-05
4.31 1.5742 1.4147234e-05
4.32 1.5739 1.5205105e-05
4.33 1.5736 1.6359662e-05
4.34 1.5733 1.7569382e-05
4.35 1.573 1.8757919e-05
4.36 1.5727 1.9775504e-05
4.37 1.5724 2.0459938e-05
4.38 1.5721 2.0784431e-05
4.39 1.5718 2.0848324e-05
4.4 1.5715 2.0837003e-05
4.41 1.5712 2.0939736e-05
4.42 1.5709 2.1287089e-05
4.43 1.5706 2.1867934e-05
4.44 1.5703 2.2572172e-05
4.45 1.57 2.3319926e-05
4.46 1.5697 2.4061813e-05
4.47 1.5694 2.476814e-05
4.48 1.5691 2.5445429e-05
4.49 1.5687 2.6169438e-05
4.5 1.5684 2.7081622e-05
4.51 1.5681 2.8335246e-05
4.52 1.5678 3.0011954e-05
4.53 1.5675 3.203915e-05
4.54 1.5672 3.4255061e-05
4.55 1.5669 3.6429636e-05
4.56 1.5665 3.8305814e-05
4.57 1.5662 3.9672645e-05
4.58 1.5659 4.0474049e-05
4.59 1.5656 4.085162e-05
4.6 1.5653 4.0879283e-05
4.61 1.5649 4.0491528e-05
4.62 1.5646 3.9652792e-05
4.63 1.5643 3.8472812e-05
4.64 1.564 3.7148864e-05
4.65 1.5636 3.5821561e-05
4.66 1.5633 3.4633619e-05
4.67 1.563 3.3683844e-05
4.68 1.5626 3.3073752e-05
4.69 1.5623 3.286881e-05
4.7 1.562 3.3042702e-05
4.71 1.5617 3.3488508e-05
4.72 1.5613 3.4069007e-05
4.73 1.561 3.4684414e-05
4.74 1.5606 3.5309187e-05
4.75 1.5603 3.5985588e-05
4.76 1.56 3.6665951e-05
4.77 1.5596 3.7280922e-05
4.78 1.5593 3.7777595e-05
4.79 1.5589 3.8196514e-05
4.8 1.5586 3.8656407e-05
4.81 1.5583 3.9256094e-05
4.82 1.5579 4.005591e-05
4.83 1.5576 4.1025295e-05
4.84 1.5572 4.2176164e-05
4.85 1.5569 4.3553667e-05
4.86 1.5565 4.5210617e-05
4.87 1.5562 4.7103269e-05
4.88 1.5558 4.9020648e-05
4.89 1.5554 5.0794704e-05
4.9 1.5551 5.241397e-05
4.91 1.5547 5.3908126e-05
4.92 1.5544 5.5245973e-05
4.93 1.554 5.6482407e-05
4.94 1.5537 5.7801028e-05
4.95 1.5533 5.9366038e-05
4.96 1.5529 6.1290407e-05
4.97 1.5526 6.3660752e-05
4.98 1.5522 6.6345811e-05
4.99 1.5518 6.9032634e-05
5 1.5515 7.1533485e-05
5.01 1.5511 7.4130919e-05
5.02 1.5507 7.7161705e-05
5.03 1.5504 8.1190411e-05
5.04 1.55 8.6616822e-05
5.05 1.5496 9.3985472e-05
5.06 1.5492 0.00010376254
5.07 1.5489 0.00011622141
5.08 1.5485 0.00013177432
5.09 1.5481 0.00015079922
5.1 1.5477 0.000174
5.11 1.5473 0.000202
5.12 1.547 0.000237
5.13 1.5466 0.00028
5.14 1.5462 0.00037
5.15 1.5458 0.00047
5.16 1.5454 0.00059
5.17 1.545 0.0007
5.18 1.5446 0.00076403759
5.19 1.5442 0.0007928781
5.2 1.5438 0.00081357838
5.21 1.5435 0.00082930851
5.22 1.5431 0.00084392029
5.23 1.5427 0.00086247067
5.24 1.5423 0.00088438979
5.25 1.5419 0.00090949481
5.26 1.5415 0.00093772143
5.27 1.5411 0.00096764958
5.28 1.5407 0.00099654621
5.29 1.5402 0.0010283057
5.3 1.5398 0.0010616594
5.31 1.5394 0.0010956777
5.32 1.539 0.0011317654
5.33 1.5386 0.0011728484
5.34 1.5382 0.0012166665
5.35 1.5378 0.0012592208
5.36 1.5374 0.0013015752
5.37 1.537 0.0013427959
5.38 1.5365 0.0013807444
5.39 1.5361 0.0014172004
5.4 1.5357 0.0014515063
5.41 1.5353 0.0014882416
5.42 1.5348 0.0015438115
5.43 1.5344 0.0015686668
5.44 1.534 0.0015893294
5.45 1.5336 0.0016003465
5.46 1.5331 0.0015980652
5.47 1.5327 0.0015805237
5.48 1.5323 0.0015362603
5.49 1.5318 0.0015139178
5.5 1.5314 0.001497553
5.51 1.531 0.0014921545
5.52 1.5305 0.0014994221
5.53 1.5301 0.0015359509
5.54 1.5296 0.0016131219
5.55 1.5292 0.0017362286
5.56 1.5288 0.0019829518
5.57 1.5283 0.0021364101
5.58 1.5279 0.002259139
5.59 1.5274 0.0023936326
5.6 1.527 0.0024937919
5.61 1.5265 0.0025293894
5.62 1.5261 0.0025232833
5.63 1.5256 0.0024935574
5.64 1.5252 0.0022943243
5.65 1.5247 0.002182596
5.66 1.5242 0.0020621647
5.67 1.5238 0.0019418514
5.68 1.5233 0.0018719887
5.69 1.5228 0.0018152567
5.7 1.5224 0.0017669864
5.71 1.5219 0.001733299
5.72 1.5214 0.0017200845
5.73 1.521 0.0017352798
5.74 1.5205 0.0017756484
5.75 1.52 0.0018493651
5.76 1.5195 0.0019579152
5.77 1.5191 0.0020828593
5.78 1.5186 0.0022833274
5.79 1.5181 0.0024898897
5.8 1.5176 0.0026398576
5.81 1.5171 0.0026798247
5.82 1.5167 0.0026983141
5.83 1.5162 0.0028110077
5.84 1.5157 0.0028833642
5.85 1.5152 0.0029302811
5.86 1.5147 0.0029275446
5.87 1.5142 0.0029012544
5.88 1.5137 0.0028479136
5.89 1.5132 0.0028031498
5.9 1.5127 0.002843627
5.91 1.5122 0.0029120127
5.92 1.5117 0.0029664296
5.93 1.5112 0.0029648287
5.94 1.5107 0.0029506409
5.95 1.5102 0.0029915778
5.96 1.5097 0.0030091449
5.97 1.5091 0.0030438354
5.98 1.5086 0.0030716733
5.99 1.5081 0.0031116889
6 1.5076 0.0031561522
6.01 1.5071 0.0031589891
6.02 1.5066 0.0031124098
6.03 1.506 0.0030276117
6.04 1.5055 0.002953371
6.05 1.505 0.0027987458
6.06 1.5044 0.0026433088
6.07 1.5039 0.0024819679
6.08 1.5034 0.0023113714
6.09 1.5028 0.0020319904
6.1 1.5023 0.0018208454
6.11 1.5018 0.0016273486
6.12 1.5012 0.0014500824
6.13 1.5007 0.0013189789
6.14 1.5001 0.0012199674
6.15 1.4996 0.0011411038
6.16 1.499 0.0010785723
6.17 1.4985 0.0010286745
6.18 1.4979 0.00098753523
6.19 1.4974 0.00095187016
6.2 1.4968 0.00092289432
6.21 1.4963 0.00089918493
6.22 1.4957 0.00087933771
6.23 1.4951 0.00086193879
6.24 1.4946 0.00084717908
6.25 1.494 0.00083604775
6.26 1.4934 0.00082877476
6.27 1.4929 0.00082318392
6.28 1.4923 0.00081633135
6.29 1.4917 0.0008112356
6.3 1.4911 0.0008123613
6.31 1.4906 0.00081241468
6.32 1.49 0.00081382734
6.33 1.4894 0.00081567192
6.34 1.4888 0.00081762434
6.35 1.4882 0.00082161007
6.36 1.4876 0.0008296142
6.37 1.487 0.00083884944
6.38 1.4864 0.00084278154
6.39 1.4858 0.00085008922
6.4 1.4852 0.00085817072
6.41 1.4846 0.00086657312
6.42 1.484 0.0008756437
6.43 1.4834 0.00088550724
6.44 1.4828 0.00089563102
6.45 1.4822 0.00090526351
6.46 1.4816 0.00091512916
6.47 1.481 0.00092491845
6.48 1.4804 0.00093365906
6.49 1.4797 0.00094073385
6.5 1.4791 0.00094595354
6.51 1.4785 0.00094952932
6.52 1.4779 0.00095155776
6.53 1.4772 0.00095162749
6.54 1.4766 0.00095073701
6.55 1.476 0.00095039576
6.56 1.4753 0.00095001437
6.57 1.4747 0.00095094758
6.58 1.474 0.00095372618
6.59 1.4734 0.00095938176
6.6 1.4727 0.00096788348
6.61 1.4721 0.00097948571
6.62 1.4714 0.00099584101
6.63 1.4708 0.0010171105
6.64 1.4701 0.0010413436
6.65 1.4695 0.0010699496
6.66 1.4688 0.0011020428
6.67 1.4681 0.0011378174
6.68 1.4675 0.0011784386
6.69 1.4668 0.0012208642
6.7 1.4661 0.0012680175
6.71 1.4654 0.0013218125
6.72 1.4648 0.0013804598
6.73 1.4641 0.0014367617
6.74 1.4634 0.0014926127
6.75 1.4627 0.001553916
6.76 1.462 0.001615829
6.77 1.4613 0.0016689287
6.78 1.4606 0.0017225707
6.79 1.4599 0.0017705238
6.8 1.4592 0.0018043916
6.81 1.4585 0.0018296051
6.82 1.4578 0.0018597219
6.83 1.4571 0.0018901163
6.84 1.4564 0.0019144906
6.85 1.4557 0.0019237201
6.86 1.455 0.0019357816
6.87 1.4542 0.0019545325
6.88 1.4535 0.0019663148
6.89 1.4528 0.0019724033
6.9 1.4521 0.0019764614
6.91 1.4513 0.0019824151
6.92 1.4506 0.0019884719
6.93 1.4499 0.0019945337
6.94 1.4491 0.0020006523
6.95 1.4484 0.0020067751
6.96 1.4476 0.0020130109
6.97 1.4469 0.0020192596
6.98 1.4461 0.0020255215
6.99 1.4453 0.0020318781
7 1.4446 0.0020382566
7.01 1.4438 0.0020447032
7.02 1.4431 0.0020511865
7.03 1.4423 0.0020577327
7.04 1.4415 0.0020642783
7.05 1.4407 0.002070925
7.06 1.4399 0.0020776156
7.07 1.4392 0.0020843683
7.08 1.4384 0.0020911211
7.09 1.4376 0.0020979535
7.1 1.4368 0.002104869
7.11 1.436 0.0021117627
7.12 1.4352 0.0021187665
7.13 1.4344 0.0021258027
7.14 1.4336 0.0021328833
7.15 1.4328 0.0021400571
7.16 1.4319 0.002147289
7.17 1.4311 0.0021545495
7.18 1.4303 0.0021619112
7.19 1.4295 0.0021692917
7.2 1.4286 0.0021767414
7.21 1.4278 0.0021842359
7.22 1.427 0.0021918202
7.23 1.4261 0.0021993407
7.24 1.4253 0.0022070964
7.25 1.4244 0.0022147999
7.26 1.4236 0.0022226182
7.27 1.4227 0.0022305222
7.28 1.4219 0.0022383879
7.29 1.421 0.0022464059
7.3 1.4201 0.002254446
7.31 1.4193 0.0022625671
7.32 1.4184 0.002270787
7.33 1.4175 0.0022789434
7.34 1.4166 0.0022873016
7.35 1.4157 0.0022956699
7.36 1.4148 0.0023041233
7.37 1.4139 0.0023126763
7.38 1.413 0.0023212176
7.39 1.4121 0.0023298546
7.4 1.4112 0.0023386604
7.41 1.4103 0.0023473987
7.42 1.4094 0.0023562677
7.43 1.4085 0.0023652909
7.44 1.4075 0.0023742346
7.45 1.4066 0.002383361
7.46 1.4057 0.0023925497
7.47 1.4047 0.0024018056
7.48 1.4038 0.0024111088
7.49 1.4028 0.0024205185
7.5 1.4019 0.0024299372
7.51 1.4009 0.0024395951
7.52 1.4 0.0024491951
7.53 1.399 0.0024588928
7.54 1.398 0.0024686747
7.55 1.3971 0.0024786076
7.56 1.3961 0.0024885931
7.57 1.3951 0.0024986314
7.58 1.3941 0.0025087716
7.59 1.3931 0.0025190084
7.6 1.3921 0.0025293782
7.61 1.3911 0.0025396965
7.62 1.3901 0.0025502834
7.63 1.3891 0.0025608527
7.64 1.388 0.0025715831
7.65 1.387 0.0025823305
7.66 1.386 0.0025932208
7.67 1.3849 0.0026042301
7.68 1.3839 0.0026152374
7.69 1.3829 0.0026264689
7.7 1.3818 0.0026377158
7.71 1.3807 0.00264906
7.72 1.3797 0.0026605736
7.73 1.3786 0.0026721107
7.74 1.3775 0.0026838983
7.75 1.3765 0.0026956416
7.76 1.3754 0.002707402
7.77 1.3743 0.0027195146
7.78 1.3732 0.0027316176
7.79 1.3721 0.0027438002
7.8 1.371 0.0027562024
7.81 1.3699 0.0027685812
7.82 1.3687 0.0027811902
7.83 1.3676 0.0027938215
7.84 1.3665 0.002806671
7.85 1.3654 0.002819525
7.86 1.3642 0.0028325615
7.87 1.3631 0.0028457755
7.88 1.3619 0.002858981
7.89 1.3607 0.0028723933
7.9 1.3596 0.0028859513
7.91 1.3584 0.0028996076
7.92 1.3572 0.0029133804
7.93 1.356 0.0029273353
7.94 1.3548 0.0029414184
7.95 1.3536 0.0029556246
7.96 1.3524 0.0029699483
7.97 1.3512 0.0029844102
7.98 1.35 0.0029990722
7.99 1.3488 0.0030137439
8 1.3475 0.0030286124
8.01 1.3463 0.0030436964
8.02 1.345 0.0030588895
8.03 1.3438 0.003074226
8.04 1.3425 0.0030897226
8.05 1.3412 0.0031053983
8.06 1.34 0.0031212351
8.07 1.3387 0.0031371849
8.08 1.3374 0.003153292
8.09 1.3361 0.003169609
8.1 1.3348 0.0031860542
8.11 1.3334 0.0032026281
8.12 1.3321 0.0032194071
8.13 1.3308 0.0032363949
8.14 1.3294 0.0032535923
8.15 1.3281 0.0032708243
8.16 1.3267 0.0032883457
8.17 1.3254 0.0033061729
8.18 1.324 0.0033239784
8.19 1.3226 0.0033419852
8.2 1.3212 0.0033603436
8.21 1.3198 0.0033786266
8.22 1.3184 0.0033973437
8.23 1.317 0.0034160726
8.24 1.3156 0.0034352818
8.25 1.3142 0.0034545088
8.26 1.3127 0.0034739367
8.27 1.3113 0.0034935441
8.28 1.3098 0.0035135109
8.29 1.3083 0.0035335505
8.3 1.3069 0.0035538088
8.31 1.3054 0.0035743926
8.32 1.3039 0.0035951689
8.33 1.3024 0.0036162898
8.34 1.3008 0.0036374028
8.35 1.2993 0.0036589957
8.36 1.2978 0.0036806593
8.37 1.2962 0.003702624
8.38 1.2947 0.0037249124
8.39 1.2931 0.0037472888
8.4 1.2915 0.0037700232
8.41 1.2899 0.0037931435
8.42 1.2883 0.0038163166
8.43 1.2867 0.0038398735
8.44 1.2851 0.0038637498
8.45 1.2835 0.0038877813
8.46 1.2818 0.0039122103
8.47 1.2802 0.0039368128
8.48 1.2785 0.0039616709
8.49 1.2768 0.0039869163
8.5 1.2751 0.0040125718
8.51 1.2734 0.004038495
8.52 1.2717 0.0040646602
8.53 1.27 0.0040912247
8.54 1.2683 0.0041180003
8.55 1.2665 0.0041452273
8.56 1.2648 0.0041728063
8.57 1.263 0.0042004896
8.58 1.2612 0.0042287544
8.59 1.2594 0.0042572122
8.6 1.2576 0.0042860558
8.61 1.2557 0.0043153297
8.62 1.2539 0.0043451186
8.63 1.2521 0.0043751983
8.64 1.2502 0.0044057
8.65 1.2483 0.0044364854
8.66 1.2464 0.0044676943
8.67 1.2445 0.0044994278
8.68 1.2426 0.0045312801
8.69 1.2406 0.0045638555
8.7 1.2387 0.004596818
8.71 1.2367 0.0046302309
8.72 1.2347 0.0046640629
8.73 1.2327 0.0046984209
8.74 1.2307 0.0047329866
8.75 1.2286 0.0047682785
8.76 1.2266 0.004804035
8.77 1.2245 0.004840392
8.78 1.2224 0.0048771132
8.79 1.2203 0.0049143894
8.8 1.2182 0.0049520952
8.81 1.2161 0.0049903352
8.82 1.2139 0.0050294406
8.83 1.2117 0.0050688756
8.84 1.2096 0.0051088631
8.85 1.2073 0.0051492059
8.86 1.2051 0.0051906916
8.87 1.2029 0.0052325543
8.88 1.2006 0.0052748504
8.89 1.1983 0.0053179737
8.9 1.196 0.0053618192
8.91 1.1937 0.0054061423
8.92 1.1913 0.0054512818
8.93 1.189 0.0054969796
8.94 1.1866 0.0055436435
8.95 1.1842 0.0055908832
8.96 1.1817 0.0056388332
8.97 1.1793 0.0056877278
8.98 1.1768 0.0057373031
8.99 1.1743 0.0057877761
9 1.1718 0.0058389366
9.01 1.1692 0.0058910056
9.02 1.1667 0.005944017
9.03 1.1641 0.0059977816
9.04 1.1614 0.0060524665
9.05 1.1588 0.0061079191
9.06 1.1561 0.0061646417
9.07 1.1534 0.0062223776
9.08 1.1507 0.0062808002
9.09 1.1479 0.0063405747
9.1 1.1451 0.0064012113
9.11 1.1423 0.0064629345
9.12 1.1395 0.0065259325
9.13 1.1366 0.0065902054
9.14 1.1337 0.0066552551
9.15 1.1308 0.006722062
9.16 1.1278 0.0067897577
9.17 1.1249 0.0068588003
9.18 1.1218 0.0069293004
9.19 1.1188 0.0070006604
9.2 1.1157 0.0070740686
9.21 1.1126 0.0071485205
9.22 1.1094 0.0072245471
9.23 1.1062 0.0073022816
9.24 1.103 0.0073817215
9.25 1.0997 0.0074621855
9.26 1.0964 0.007544477
9.27 1.0931 0.0076294553
9.28 1.0897 0.0077152601
9.29 1.0863 0.0078029108
9.3 1.0828 0.0078931513
9.31 1.0793 0.007984837
9.32 1.0757 0.0080784584
9.33 1.0721 0.0081746092
9.34 1.0685 0.0082731383
9.35 1.0648 0.0083741906
9.36 1.0611 0.0084771991
9.37 1.0573 0.0085822412
9.38 1.0535 0.0086901053
9.39 1.0496 0.0088008791
9.4 1.0457 0.0089148472
9.41 1.0417 0.0090316153
9.42 1.0376 0.0091505651
9.43 1.0335 0.0092729448
9.44 1.0294 0.0093987567
9.45 1.0252 0.0095281829
9.46 1.0209 0.0096614503
9.47 1.0166 0.0097974957
9.48 1.0122 0.0099376714
9.49 1.0077 0.01008228
9.5 1.0032 0.010231456
9.51 0.99856 0.010385379
9.52 0.99389 0.010543385
9.53 0.98913 0.010705762
9.54 0.9843 0.010873652
9.55 0.9794 0.011047355
9.56 0.97441 0.011227229
9.57 0.96933 0.011412351
9.58 0.96417 0.011605295
9.59 0.95891 0.011803774
9.6 0.95356 0.012010478
9.61 0.94812 0.012224073
9.62 0.94257 0.012445304
9.63 0.93692 0.012676413
9.64 0.93116 0.012916112
9.65 0.92528 0.013165755
9.66 0.91928 0.013426567
9.67 0.91316 0.013696511
9.68 0.90691 0.013981787
9.69 0.90053 0.014277345
9.7 0.894 0.014589131
9.71 0.88732 0.014916386
9.72 0.88049 0.015258124
9.73 0.87349 0.015620411
9.74 0.86632 0.016000048
9.75 0.85897 0.016401766
9.76 0.85142 0.01682822
9.77 0.84367 0.017278893
9.78 0.83569 0.01775807
9.79 0.82749 0.018270039
9.8 0.81903 0.018814849
9.81 0.81031 0.019399231
9.82 0.8013 0.020024267
9.83 0.79199 0.020701179
9.84 0.78234 0.021431157
9.85 0.77233 0.022221894
9.86 0.76192 0.023084651
9.87 0.75108 0.024022991
9.88 0.73976 0.025061347
9.89 0.72792 0.026202849
9.9 0.7155 0.027470526
9.91 0.70241 0.02888852
9.92 0.68859 0.030485809
9.93 0.67392 0.032281498
9.94 0.65829 0.034331726
9.95 0.64154 0.036718611
9.96 0.62347 0.03944928
9.97 0.60386 0.042690914
9.98 0.58236 0.046559848
9.99 0.55858 0.051196287
10 0.53192 0.056896735
10.01 0.50386 0.064042194
10.02 0.46945 0.073206663
10.03 0.4289 0.085289142
10.04 0.38006 0.10173763
10.05 0.32065 0.12495913
10.06 0.25366 0.17495268
10.07 0.20139 0.26875351
10.081 0.18053 0.37857442
10.091 0.18318 0.49255526
10.101 0.20553 0.6142761
10.111 0.25406 0.75150695
10.121 0.3689 0.89627781
10.132 0.61701 0.92000875
10.142 0.87338 0.90215962
10.152 1.1307 0.75180049
10.163 1.2957 0.46486146
10.173 1.1769 0.27318234
10.183 1.0643 0.18107323
10.194 0.97461 0.13172422
10.204 0.90234 0.10277512
10.215 0.8421 0.084629117
10.225 0.79013 0.072730032
10.235 0.74386 0.064727952
10.246 0.70154 0.059315972
10.256 0.66188 0.055735905
10.267 0.62394 0.053532939
10.277 0.58695 0.052438884
10.288 0.55027 0.052311932
10.299 0.5133 0.053104987
10.309 0.47544 0.054866952
10.32 0.43604 0.057767021
10.331 0.39432 0.062154098
10.341 0.3493 0.068718083
10.352 0.29964 0.078893174
10.363 0.24389 0.095919272
10.373 0.18291 0.12709128
10.384 0.12923 0.17941239
10.395 0.096698 0.23990351
10.406 0.078854 0.29519464
10.417 0.068058 0.34403578
10.428 0.06086 0.38781692
10.438 0.055723 0.42776797
10.449 0.051878 0.46480913
10.46 0.048902 0.49955029
10.471 0.046541 0.53247147
10.482 0.044634 0.56391265
10.493 0.043074 0.59412384
10.504 0.041784 0.62332504
10.515 0.040711 0.65167624
10.526 0.039815 0.67931746
10.537 0.039066 0.70635868
10.549 0.038442 0.73289002
10.56 0.037923 0.75900126
10.571 0.037496 0.78476251
10.582 0.03715 0.81022377
10.593 0.036875 0.83545503
10.604 0.036664 0.8604863
10.616 0.036511 0.8853877
10.627 0.036411 0.91017899
10.638 0.036359 0.93490029
10.65 0.036354 0.95959172
10.661 0.036391 0.98428303
10.672 0.036469 1.0089544
10.684 0.036586 1.0337558
10.695 0.036741 1.0586572
10.707 0.036932 1.0836586
10.718 0.03716 1.10876
10.73 0.037424 1.1340615
10.741 0.037724 1.1595629
10.753 0.038059 1.1853644
10.764 0.038431 1.2112658
10.776 0.03884 1.2375673
10.787 0.039287 1.2641687
10.799 0.039772 1.2910703
10.811 0.040298 1.3182718
10.823 0.040865 1.3459734
10.834 0.041476 1.3739749
10.846 0.042133 1.4025765
10.858 0.042837 1.4315781
10.87 0.043592 1.4611797
10.881 0.0444 1.4912812
10.893 0.045265 1.5219828
10.905 0.046191 1.5533845
10.917 0.047181 1.5853861
10.929 0.04824 1.6182878
10.941 0.049374 1.6518895
10.953 0.050588 1.6862912
10.965 0.051889 1.7216929
10.977 0.053284 1.7580946
10.989 0.054782 1.7954963
11.001 0.056392 1.833998
11.013 0.058123 1.8737998
11.025 0.059989 1.9148015
11.038 0.062003 1.9573035
11.05 0.064181 2.0013052
11.062 0.066539 2.046907
11.074 0.069099 2.0944088
11.086 0.071885 2.1437107
11.099 0.074924 2.1952126
11.111 0.078247 2.2491145
11.123 0.081893 2.3054163
11.136 0.085906 2.3645184
11.148 0.09034 2.4268202
11.161 0.095255 2.4924223
11.173 0.10073 2.5618242
11.186 0.10686 2.6354263
11.198 0.11375 2.7137282
11.211 0.12154 2.7974303
11.223 0.13041 2.8872322
11.236 0.14058 2.9838344
11.249 0.15233 3.0884365
11.261 0.16603 3.2022385
11.274 0.18216 3.3267407
11.287 0.20138 3.4640428
11.299 0.22457 3.6164449
11.312 0.25298 3.7872471
11.325 0.28844 3.9806493
11.338 0.33363 4.2023515
11.351 0.39272 4.4600538
11.364 0.47247 4.7647561
11.377 0.58446 5.1326583
11.39 0.74993 5.5880606
11.403 1.0113 6.1681629
11.416 1.4634 6.9283653
11.429 2.3439 7.9240676
11.442 4.2688 8.96127
11.455 7.7045 8.2686723
11.468 9.1294 4.8440747
11.481 8.2241 2.5926771
11.494 7.1938 1.5719795
11.507 6.3977 1.064182
11.521 5.7937 0.77874461
11.534 5.3229 0.60262707
11.547 4.9447 0.48641955
11.561 4.6324 0.40599223
11.574 4.3686 0.34840474
11.587 4.1412 0.30628726
11.601 3.942 0.27513
11.614 3.7646 0.25214256
11.628 3.6045 0.23549533
11.641 3.4581 0.22403792
11.655 3.3226 0.21704072
11.669 3.1955 0.21411354
11.682 3.075 0.21513618
11.696 2.9593 0.22024904
11.71 2.8467 0.22984192
11.723 2.736 0.2446546
11.737 2.6255 0.26583752
11.751 2.514 0.29515045
11.765 2.4003 0.3351734
11.779 2.2835 0.38977636
11.792 2.1638 0.46460914
11.806 2.0437 0.56765214
11.82 1.9306 0.70895516
11.834 1.8403 0.8976582
11.848 1.798 1.1346513
11.862 1.8308 1.4058543
11.876 1.9596 1.6842574
11.891 2.1972 1.9328608
11.905 2.543 2.0991639
11.919 2.9604 2.1183671
11.933 3.357 1.9541702
11.947 3.6294 1.6534734
11.962 3.745 1.3190769
11.976 3.744 1.0263801
11.99 3.6809 0.79751338
12.005 3.5926 0.62615688
12.019 3.4984 0.49880018
12.034 3.407 0.40336373
12.048 3.3217 0.33080706
12.063 3.2433 0.27479066
12.077 3.1716 0.23091403
12.092 3.1062 0.19612767
12.107 3.0463 0.16825133
12.121 2.9914 0.14574477
12.136 2.9408 0.12743848
12.151 2.894 0.1124822
12.165 2.8507 0.10018271
12.18 2.8103 0.090021478
12.195 2.7726 0.081570273
12.21 2.7374 0.074484092
12.225 2.7043 0.068486934
12.24 2.6731 0.0633588
12.255 2.6437 0.058924688
12.27 2.6158 0.0550496
12.285 2.5894 0.051627536
12.3 2.5643 0.048579495
12.315 2.5404 0.045844477
12.33 2.5176 0.043374483
12.346 2.4958 0.041133783
12.361 2.4749 0.039091838
12.376 2.4548 0.037224916
12.392 2.4356 0.035512293
12.407 2.417 0.033937421
12.422 2.3992 0.032484573
12.438 2.382 0.031142029
12.453 2.3654 0.02989823
12.469 2.3493 0.028743739
12.484 2.3338 0.02766999
12.5 2.3187 0.026668552
12.516 2.3041 0.025734141
12.531 2.2899 0.024859468
12.547 2.2762 0.024040111
12.563 2.2628 0.023271782
12.579 2.2498 0.02255048
12.594 2.2371 0.021870911
12.61 2.2248 0.021230663
12.626 2.2128 0.020626444
12.642 2.2011 0.020056252
12.658 2.1896 0.019517089
12.674 2.1785 0.019005954
12.69 2.1676 0.018522848
12.706 2.1569 0.018063769
12.723 2.1465 0.017628029
12.739 2.1363 0.017214009
12.755 2.1263 0.016820018
12.771 2.1165 0.016445055
12.788 2.1069 0.016088438
12.804 2.0975 0.015747535
12.821 2.0883 0.015422981
12.837 2.0792 0.015113136
12.853 2.0704 0.01481732
12.87 2.0616 0.01453486
12.887 2.0531 0.014264432
12.903 2.0447 0.014005707
12.92 2.0364 0.013757343
12.937 2.0283 0.013521012
12.953 2.0203 0.013293377
12.97 2.0124 0.013076109
12.987 2.0046 0.012866875
13.004 1.997 0.012667674
13.021 1.9895 0.012475505
13.038 1.9821 0.01229137
13.055 1.9748 0.012114268
13.072 1.9676 0.011945199
13.089 1.9605 0.011782164
13.106 1.9535 0.011625161
13.123 1.9466 0.011475193
13.141 1.9398 0.011331615
13.158 1.933 0.011192715
13.175 1.9264 0.011058849
13.193 1.9198 0.01093138
13.21 1.9133 0.010808583
13.228 1.9069 0.010690587
13.245 1.9006 0.010576859
13.263 1.8943 0.010468037
13.28 1.8881 0.010363179
13.298 1.882 0.010262731
13.316 1.8759 0.010166321
13.333 1.8699 0.010073368
13.351 1.864 0.009984532
13.369 1.8581 0.0098992339
13.387 1.8522 0.009817474
13.405 1.8464 0.0097390524
13.423 1.8407 0.0096637691
13.441 1.835 0.009591724
13.459 1.8294 0.0095227174
13.477 1.8238 0.0094567491
13.495 1.8183 0.0093935193
13.514 1.8128 0.0093336296
13.532 1.8073 0.0092758789
13.55 1.8019 0.0092208668
13.569 1.7966 0.0091688014
13.587 1.7912 0.0091188686
13.605 1.7859 0.0090713745
13.624 1.7807 0.0090266339
13.643 1.7755 0.0089842363
13.661 1.7703 0.0089436627
13.68 1.7651 0.0089057493
13.699 1.76 0.0088699791
13.717 1.7549 0.0088359262
13.736 1.7498 0.0088043404
13.755 1.7448 0.0087747978
13.774 1.7398 0.0087472987
13.793 1.7348 0.0087216429
13.812 1.7298 0.0086980305
13.831 1.7249 0.0086762616
13.85 1.7199 0.0086563361
13.87 1.715 0.0086385984
13.889 1.7102 0.0086223622
13.908 1.7053 0.0086077696
13.928 1.7004 0.0085954717
13.947 1.6956 0.0085843684
13.966 1.6908 0.0085750087
13.986 1.686 0.0085677508
14.006 1.6812 0.0085622413
14.025 1.6765 0.0085578169
14.045 1.6717 0.0085555016
14.065 1.667 0.0085548346
14.085 1.6622 0.0085557159
14.104 1.6575 0.008557773
14.124 1.6528 0.0085618486
14.144 1.6481 0.0085675726
14.164 1.6434 0.008574745
14.184 1.6387 0.0085835657
14.205 1.634 0.0085943195
14.225 1.6293 0.0086062393
14.245 1.6247 0.0086196075
14.265 1.62 0.008634624
14.286 1.6153 0.0086515834
14.306 1.6106 0.008669599
14.327 1.606 0.0086896624
14.347 1.6013 0.008710777
14.368 1.5966 0.0087339443
14.388 1.592 0.0087581579
14.409 1.5873 0.0087844291
14.43 1.5826 0.0088122535
14.451 1.5779 0.008841631
14.472 1.5733 0.0088725616
14.493 1.5686 0.0089051453
14.514 1.5639 0.0089392821
14.535 1.5592 0.0089750718
14.556 1.5545 0.0090125146
14.577 1.5497 0.0090516103
14.599 1.545 0.0090927912
14.62 1.5403 0.0091351952
14.641 1.5355 0.0091793521
14.663 1.5308 0.0092257016
14.684 1.526 0.0092732665
14.706 1.5212 0.0093231291
14.728 1.5164 0.0093747494
14.749 1.5116 0.0094276772
14.771 1.5067 0.0094830103
14.793 1.5019 0.009540201
14.815 1.497 0.0095993492
14.837 1.4921 0.0096603548
14.859 1.4872 0.0097234178
14.881 1.4823 0.0097884381
14.903 1.4773 0.0098556157
14.925 1.4724 0.0099247504
14.948 1.4674 0.0099967158
14.97 1.4623 0.010070267
14.993 1.4573 0.010146554
15.015 1.4522 0.010224622
15.038 1.4471 0.01030553
15.06 1.442 0.010388314
15.083 1.4368 0.010474144
15.106 1.4316 0.010562435
15.129 1.4264 0.010653387
15.152 1.4211 0.010746902
15.175 1.4159 0.010843077
15.198 1.4105 0.010942214
15.221 1.4052 0.011044112
15.244 1.3998 0.01114887
15.267 1.3943 0.01125679
15.291 1.3888 0.011368384
15.314 1.3833 0.011482627
15.337 1.3777 0.011600131
15.361 1.3721 0.011721717
15.385 1.3664 0.011846668
15.408 1.3607 0.011975057
15.432 1.355 0.012107136
15.456 1.3491 0.01224428
15.48 1.3433 0.012384488
15.504 1.3373 0.012528761
15.528 1.3314 0.012678099
15.552 1.3253 0.012831501
15.576 1.3192 0.012988967
15.601 1.3131 0.013153145
15.625 1.3068 0.013320741
15.649 1.3005 0.013493401
15.674 1.2942 0.01367278
15.699 1.2877 0.013857228
15.723 1.2812 0.014048083
15.748 1.2746 0.014244664
15.773 1.2679 0.014447313
15.798 1.2612 0.01465703
15.823 1.2544 0.014873814
15.848 1.2474 0.015097665
15.873 1.2404 0.015328583
15.898 1.2333 0.015567567
15.924 1.2261 0.015816301
15.949 1.2188 0.01607242
15.974 1.2114 0.016337605
16 1.2039 0.016612547
16.026 1.1962 0.016898559
16.051 1.1885 0.017193945
16.077 1.1806 0.017501095
16.103 1.1726 0.017819315
16.129 1.1645 0.018150603
16.155 1.1562 0.018494961
16.181 1.1478 0.018852388
16.207 1.1393 0.019224882
16.234 1.1306 0.01961316
16.26 1.1217 0.020016793
16.287 1.1127 0.020438214
16.313 1.1035 0.020877984
16.34 1.0941 0.021337547
16.367 1.0846 0.02181818
16.393 1.0748 0.022320154
16.42 1.0648 0.022845927
16.447 1.0546 0.02339777
16.474 1.0442 0.023976683
16.502 1.0336 0.024585407
16.529 1.0227 0.025224462
16.556 1.0115 0.025897585
16.584 1.0001 0.026607525
16.611 0.98838 0.027356786
16.639 0.97635 0.028148869
16.667 0.96399 0.028988024
16.694 0.9513 0.029876491
16.722 0.93824 0.030820786
16.75 0.9248 0.031826152
16.779 0.91095 0.032898354
16.807 0.89666 0.034043862
16.835 0.88191 0.035269438
16.863 0.86666 0.036586084
16.892 0.85087 0.038003574
16.92 0.83451 0.039532357
16.949 0.81753 0.041188988
16.978 0.79988 0.042989691
17.007 0.7815 0.044953465
17.036 0.76233 0.047105309
17.065 0.74229 0.049474222
17.094 0.7213 0.052096205
17.123 0.69926 0.055015255
17.153 0.67604 0.058291172
17.182 0.65152 0.06199236
17.212 0.62553 0.066219418
17.241 0.59788 0.07109574
17.271 0.56832 0.076801936
17.301 0.53657 0.083586201
17.331 0.50227 0.091813534
17.361 0.46501 0.10203894
17.391 0.42432 0.1151434
17.422 0.3798 0.13254876
17.452 0.33156 0.15658336
17.483 0.28139 0.19044885
17.513 0.23439 0.23634359
17.544 0.19688 0.29136921
17.575 0.1705 0.3490549
17.606 0.15265 0.40522066
17.637 0.14042 0.45860649
17.668 0.13188 0.50929238
17.699 0.12587 0.55768833
17.73 0.12171 0.60421435
17.762 0.11901 0.64929127
17.794 0.11756 0.69321826
17.825 0.11723 0.73627446
17.857 0.118 0.77870157
17.889 0.11983 0.82066875
17.921 0.12274 0.86236599
17.953 0.12672 0.90393329
17.986 0.13173 0.9455115
18.018 0.13774 0.98725892
18.051 0.1447 1.0293373
18.083 0.15256 1.0717648
18.116 0.16128 1.1148933
18.149 0.17084 1.1588218
18.182 0.18124 1.2037504
18.215 0.19255 1.249879
18.248 0.20488 1.2974077
18.282 0.21838 1.3465373
18.315 0.2333 1.3975661
18.349 0.24993 1.4507958
18.382 0.26869 1.5064247
18.416 0.29007 1.5648546
18.45 0.31472 1.6264845
18.484 0.34347 1.6915144
18.519 0.37737 1.7603453
18.553 0.41777 1.8332753
18.587 0.46647 1.9107054
18.622 0.52577 1.9924364
18.657 0.59873 2.0782675
18.692 0.68931 2.1667986
18.727 0.80251 2.2556298
18.762 0.94421 2.339261
18.797 1.1203 2.4084923
18.832 1.334 2.4478236
18.868 1.5806 2.4360558
18.904 1.8406 2.3508881
18.939 2.0783 2.1827195
18.975 2.2542 1.9470519
19.011 2.3466 1.6812843
19.048 2.3606 1.4235176
19.084 2.3166 1.1969501
19.12 2.2363 1.0091826
19.157 2.1359 0.85839605
19.194 2.0253 0.73949953
19.231 1.9097 0.64721305
19.268 1.7913 0.5773266
19.305 1.6701 0.52713017
19.342 1.5453 0.49595378
19.38 1.4165 0.48667832
19.417 1.2854 0.50674197
19.455 1.1575 0.56538656
19.493 1.042 0.67036118
19.531 0.95656 0.82604581
19.569 0.92832 1.0263905
19.608 0.98622 1.2510261
19.646 1.1605 1.4626608
19.685 1.471 1.5825964
19.724 1.8491 1.491232
19.763 2.1035 1.1854677
19.802 2.149 0.83988334
19.841 2.0619 0.57428901
19.881 1.9232 0.40608561
19.92 1.7785 0.3125013
19.96 1.6461 0.26174792
20 1.5286 0.23171453
20.04 1.4227 0.21262115
20.08 1.3248 0.20054777
20.121 1.2321 0.1936053
20.161 1.1425 0.19082192
20.202 1.0541 0.19178944
20.243 0.96523 0.19664696
20.284 0.87424 0.20603447
20.325 0.77948 0.22139197
20.367 0.67942 0.24554038
20.408 0.57352 0.28359785
20.45 0.46561 0.34353623
20.492 0.36896 0.43026458
20.534 0.29827 0.53348292
20.576 0.25286 0.63697123
20.619 0.22424 0.73381043
20.661 0.20593 0.8234087
20.704 0.19418 0.90689784
20.747 0.18689 0.98560696
20.79 0.18281 1.060706
20.833 0.18118 1.1331451
20.877 0.18153 1.203685
20.921 0.18359 1.2731249
20.964 0.18722 1.3419638
21.008 0.19239 1.4108036
21.053 0.19918 1.4803443
21.097 0.20773 1.550884
21.142 0.2183 1.6232245
21.186 0.23126 1.6977641
21.231 0.24713 1.7752046
21.277 0.26659 1.8564458
21.322 0.29059 1.9420862
21.368 0.32044 2.0332273
21.413 0.35794 2.1308675
21.459 0.40568 2.2362085
21.505 0.46737 2.3504495
21.552 0.54846 2.4743912
21.598 0.65707 2.608132
21.645 0.80516 2.7489736
21.692 1.0097 2.8877152
21.739 1.2912 3.0010566
21.786 1.6622 3.039598
21.834 2.0934 2.9277401
21.882 2.4786 2.6168821
21.93 2.6905 2.1700241
21.978 2.7043 1.7229659
22.026 2.5878 1.3591077
22.075 2.4123 1.0897502
22.124 2.2185 0.89681261
22.173 2.0237 0.7596449
22.222 1.8336 0.66286708
22.272 1.6482 0.59646
22.321 1.4657 0.55469195
22.371 1.2832 0.53544462
22.422 1.0978 0.54026802
22.472 0.90875 0.57532044
22.523 0.72287 0.65092358
22.573 0.56069 0.77096573
22.624 0.44177 0.91721859
22.676 0.3633 1.0655621
22.727 0.31218 1.2054047
22.779 0.27824 1.335548
22.831 0.25539 1.4575911
22.883 0.24013 1.573534
22.936 0.23042 1.6853776
22.989 0.22509 1.7948211
23.041 0.22347 1.9034635
23.095 0.2253 2.0126074
23.148 0.23055 2.1239504
23.202 0.23952 2.238994
23.256 0.25277 2.3593373
23.31 0.27126 2.4871805
23.364 0.29653 2.6249236
23.419 0.33101 2.7759672
23.474 0.37856 2.9442106
23.529 0.44567 3.1353538
23.585 0.54354 3.3567976
23.641 0.69285 3.6173412
23.697 0.93367 3.9241846
23.753 1.3459 4.2652278
23.81 2.0678 4.5314715
23.866 3.1339 4.3335143
23.923 3.9055 3.3373576
23.981 3.8459 2.2461014
24.038 3.4031 1.5642442
24.096 2.9137 1.1958875
24.155 2.4546 1.0083414
24.213 2.0253 0.93642424
24.272 1.615 0.96209759
24.331 1.2309 1.0973607
24.39 0.92272 1.3431035
24.45 0.72867 1.6403468
24.51 0.62384 1.9348899
24.57 0.5742 2.2156327
24.631 0.56107 2.4882759
24.691 0.57681 2.7619181
24.752 0.62071 3.0462608
24.814 0.69778 3.3517039
24.876 0.82034 3.6901466
24.938 1.0128 4.0747891
25 1.3228 4.5169313
25.063 1.8438 5.0072739
25.126 2.7393 5.4375162
25.189 4.1101 5.3953582
25.253 5.3536 4.3553005
25.316 5.6165 2.9341419
25.381 5.2634 1.9359842
25.445 4.7943 1.3506256
25.51 4.3645 1.0034373
25.575 3.9959 0.78650869
25.641 3.6805 0.64393037
25.707 3.4061 0.5464517
25.773 3.1626 0.4779927
25.84 2.942 0.42933397
25.907 2.7379 0.39492488
25.974 2.5453 0.37145545
26.042 2.3601 0.35696626
26.11 2.1784 0.35050671
26.178 1.9968 0.3520068
26.247 1.8114 0.36233711
26.316 1.6183 0.38383705
26.385 1.4127 0.42136661
26.455 1.1903 0.48494637
26.525 0.95258 0.59431574
26.596 0.72613 0.77350528
26.667 0.56016 1.0068844
26.738 0.46041 1.2448932
26.81 0.40157 1.4666321
26.882 0.36573 1.6722706
26.954 0.34382 1.8659087
27.027 0.33127 2.0516469
27.1 0.32563 2.2329847
27.174 0.32562 2.4126226
27.248 0.3306 2.5933601
27.322 0.34039 2.7775972
27.397 0.35518 2.9677343
27.473 0.3755 3.1663715
27.548 0.40228 3.3766078
27.624 0.43695 3.6018441
27.701 0.48166 3.8463805
27.778 0.53967 4.1157164
27.855 0.61591 4.4167519
27.933 0.71819 4.7588874
28.011 0.85933 5.1547224
28.09 1.0614 5.6214574
28.169 1.3651 6.181492
28.249 1.8498 6.8591265
28.329 2.6789 7.6518606
28.409 4.1656 8.3891942
28.49 6.5388 8.2876277
28.571 8.5586 6.3572608
28.653 8.7588 4.0189938
28.736 8.0982 2.5475268
28.818 7.3711 1.7299588
28.902 6.7535 1.2544911
28.986 6.2497 0.958013
29.07 5.8368 0.76136436
29.155 5.4929 0.62427559
29.24 5.2013 0.52480634
29.326 4.9501 0.45030694
29.412 4.7303 0.39305705
29.499 4.5353 0.348127
29.586 4.3603 0.31227645
29.674 4.2014 0.28327572
29.762 4.0557 0.25956449
29.851 3.9208 0.24002307
29.94 3.7948 0.22384114
30.03 3.6762 0.21039901
30.12 3.5637 0.19924637
30.211 3.456 0.19003351
30.303 3.3523 0.18251042
30.395 3.2516 0.17647681
30.488 3.1532 0.17180296
30.581 3.0563 0.16836858
30.675 2.9602 0.16613395
30.769 2.8641 0.16507879
30.864 2.7674 0.16521337
30.96 2.6693 0.16660766
31.056 2.569 0.16936142
31.153 2.4654 0.1736449
31.25 2.3576 0.17970784
31.348 2.2442 0.18794047
31.447 2.1237 0.1988828
31.546 1.9941 0.21339459
31.646 1.8526 0.23281606
31.746 1.6957 0.25943699
31.847 1.5184 0.29738759
31.949 1.3137 0.35507785
32.051 1.0744 0.45151756
32.154 0.8098 0.62758693
32.258 0.59199 0.90796595
32.362 0.47143 1.2190344
32.468 0.41057 1.5116527
32.573 0.37904 1.7856703
32.68 0.3639 2.0485876
32.787 0.35962 2.3074044
32.895 0.36382 2.5676208
33.003 0.37566 2.8344367
33.113 0.39532 3.1130523
33.223 0.42384 3.4089674
33.333 0.46325 3.7289819
33.445 0.51692 4.0812962
33.557 0.59045 4.4770099
33.67 0.69314 4.9314232
33.784 0.84142 5.4669361
33.898 1.0662 6.1166484
34.014 1.4309 6.9311604
34.13 2.082 7.9816719
34.247 3.3957 9.3045829
34.364 6.2576 10.357993
34.483 10.219 8.4123035
34.602 10.793 4.5644131
34.722 9.6448 2.5079223
34.843 8.5815 1.563431
34.965 7.7742 1.0766392
35.088 7.1583 0.79637701
35.211 6.6719 0.62275427
35.336 6.2721 0.51164111
35.461 5.9271 0.44282744
35.587 5.609 0.41276329
35.714 5.2841 0.44746868
35.842 4.9343 0.70028359
35.971 5.3273 1.387988
36.101 5.7903 0.63914198
36.232 5.483 0.30979546
36.364 5.2493 0.21082845
36.496 5.0763 0.16945094
36.63 4.9388 0.14674297
36.765 4.8237 0.13108451
36.9 4.724 0.11899556
37.037 4.6359 0.10918713
37.175 4.5567 0.10097722
37.313 4.4847 0.093961813
37.453 4.4188 0.087875921
37.594 4.3581 0.082537539
37.736 4.3018 0.077811669
37.879 4.2493 0.073597311
38.023 4.2003 0.069815466
38.168 4.1543 0.066403134
38.314 4.111 0.063309316
38.462 4.0701 0.060493984
38.61 4.0315 0.057921197
38.76 3.9949 0.055561891
38.911 3.9601 0.053392101
39.062 3.927 0.05138987
39.216 3.8954 0.049539074
39.37 3.8653 0.047822841
39.526 3.8365 0.046227082
39.683 3.8089 0.044741844
39.841 3.7825 0.043356131
40 3.7571 0.042059946
40.161 3.7327 0.04084623
40.323 3.7092 0.039708044
40.486 3.6866 0.038638391
40.65 3.6649 0.037631276
40.816 3.6438 0.03668263
40.984 3.6235 0.035787451
41.152 3.6039 0.034941889
41.322 3.585 0.034141799
41.494 3.5666 0.033385177
41.667 3.5488 0.032667107
41.841 3.5316 0.031985592
42.017 3.5148 0.031338551
42.194 3.4986 0.030723072
42.373 3.4828 0.03013807
42.553 3.4675 0.029580637
42.735 3.4526 0.029048685
42.918 3.4381 0.028542311
43.103 3.424 0.028057422
43.29 3.4103 0.027595019
43.478 3.3969 0.027153206
43.668 3.3839 0.026729885
43.86 3.3712 0.026325059
44.053 3.3588 0.025936835
44.248 3.3467 0.025565113
44.444 3.3349 0.025208004
44.643 3.3233 0.024865296
44.843 3.3121 0.024536209
45.045 3.301 0.024219638
45.249 3.2902 0.023914588
45.455 3.2797 0.023622061
45.662 3.2694 0.023339178
45.872 3.2593 0.023066712
46.083 3.2494 0.022804901
46.296 3.2397 0.022550633
46.512 3.2302 0.022306193
46.729 3.2209 0.022069524
46.948 3.2118 0.021840714
47.17 3.2029 0.021619045
47.393 3.1941 0.021404566
47.619 3.1855 0.021196439
47.847 3.177 0.02099469
48.077 3.1687 0.020798826
48.309 3.1606 0.020608655
48.544 3.1526 0.020423754
48.78 3.1447 0.020244084
49.02 3.137 0.02006897
49.261 3.1294 0.0198986
49.505 3.1219 0.019732425
49.751 3.1145 0.01957058
50 3.1073 0.019412544
50.251 3.1001 0.019258351
50.505 3.0931 0.01910778
50.761 3.0862 0.018960668
51.02 3.0794 0.018816791
51.282 3.0727 0.018676057
51.546 3.066 0.018538504
51.813 3.0595 0.01840391
52.083 3.0531 0.018272081
52.356 3.0467 0.018143025
52.632 3.0404 0.018016651
52.91 3.0342 0.017893098
53.191 3.028 0.017772144
53.476 3.022 0.017653565
53.763 3.016 0.017537733
54.054 3.01 0.017424294
54.348 3.0041 0.017313487
54.645 2.9983 0.017205223
54.945 2.9925 0.017099711
55.249 2.9867 0.016996729
55.556 2.981 0.016896617
55.866 2.9753 0.016799485
56.18 2.9697 0.016705212
56.497 2.964 0.016614339
56.818 2.9584 0.016526746
57.143 2.9528 0.016442844
57.471 2.9472 0.016362972
57.803 2.9416 0.016287512
58.14 2.936 0.016216746
58.48 2.9303 0.016151443
58.824 2.9246 0.016092185
59.172 2.9188 0.016039885
59.524 2.913 0.015995452
59.88 2.9071 0.0159602
60.241 2.9011 0.015935514
60.606 2.8949 0.015923632
60.976 2.8886 0.015926742
61.35 2.8821 0.015948081
61.728 2.8753 0.015991861
62.112 2.8682 0.016063048
62.5 2.8608 0.016169103
62.893 2.8529 0.016319415
63.291 2.8444 0.016527299
63.694 2.8352 0.016811368
64.103 2.8251 0.017198618
64.516 2.8137 0.0177294
64.935 2.8008 0.018465792
65.359 2.7858 0.019508027
65.789 2.7678 0.021025602
66.225 2.7454 0.023323333
66.667 2.7164 0.026999738
67.114 2.6764 0.033409944
67.568 2.6178 0.048965742
68.027 2.5256 0.094864372
68.493 2.3565 0.22323163
68.966 2.1551 0.80737953
69.444 3.48 1.1707373
69.93 3.4868 0.26511465
70.423 3.2641 0.089069694
70.922 3.1475 0.049773558
71.429 3.0806 0.03463805
71.942 3.0371 0.027051396
72.464 3.0062 0.022698304
72.993 2.9829 0.019955
73.529 2.9645 0.018104303
74.074 2.9495 0.01678583
74.627 2.9369 0.015805202
75.188 2.9261 0.01504904
75.758 2.9166 0.014447867
76.336 2.9082 0.0139571
76.923 2.9007 0.013547264
77.519 2.8939 0.013197882
78.125 2.8876 0.012894782
78.74 2.8818 0.01262748
79.365 2.8764 0.012388607
80 2.8713 0.012172288
80.645 2.8666 0.011974345
81.301 2.8621 0.011791314
81.967 2.8578 0.011620809
82.645 2.8538 0.011460481
83.333 2.8499 0.011308927
84.034 2.8462 0.011164619
84.746 2.8426 0.011026553
85.47 2.8392 0.010893971
86.207 2.8359 0.010765921
86.957 2.8327 0.010641931
87.719 2.8296 0.01052151
88.496 2.8266 0.010404051
89.286 2.8237 0.01028934
90.09 2.8209 0.01017713
90.909 2.8182 0.010066878
91.743 2.8155 0.0099586153
92.593 2.8129 0.009851903
93.458 2.8104 0.0097468457
94.34 2.8079 0.0096431351
95.238 2.8055 0.0095405757
96.154 2.8032 0.0094391648
97.087 2.8009 0.0093388064
98.039 2.7986 0.0092392039
99.01 2.7964 0.0091404962
100 2.7942 0.0090426215
101.01 2.7921 0.0089453548
102.04 2.7901 0.0088488355
103.09 2.7881 0.0087529017
104.17 2.7861 0.008657003
105.26 2.7841 0.0085624604
106.38 2.7822 0.0084678443
107.53 2.7804 0.0083733194
108.7 2.7785 0.0082794945
109.89 2.7767 0.0081863999
111.11 2.775 0.0080933402
112.36 2.7732 0.0080004739
113.64 2.7715 0.0079078579
114.94 2.7699 0.0078159415
116.28 2.7682 0.0077237794
117.65 2.7666 0.0076319275
119.05 2.7651 0.0075403352
120.48 2.7635 0.0074492503
121.95 2.762 0.0073579738
123.46 2.7605 0.0072667784
125 2.759 0.0071760597
126.58 2.7576 0.0070854412
128.21 2.7562 0.0069945823
129.87 2.7548 0.0069043673
131.58 2.7534 0.0068139536
133.33 2.7521 0.0067239043
135.14 2.7508 0.0066334364
136.99 2.7495 0.0065434753
138.89 2.7482 0.0064536186
140.85 2.747 0.0063635967
142.86 2.7458 0.0062739376
144.93 2.7446 0.0061841819
147.06 2.7434 0.0060946168
149.25 2.7422 0.0060051252
151.52 2.7411 0.0059152892
153.85 2.74 0.0058259131
156.25 2.7389 0.0057364846
158.73 2.7378 0.0056471198
161.29 2.7368 0.0055577271
163.93 2.7358 0.0054685092
166.67 2.7348 0.0053789645
169.49 2.7338 0.0052898131
172.41 2.7328 0.0052005718
175.44 2.7319 0.005111258
178.57 2.7309 0.0050220984
181.82 2.73 0.0049328186
185.19 2.7292 0.0048435525
188.68 2.7283 0.0047544546
192.31 2.7274 0.0046652411
196.08 2.7266 0.0045760794
200 2.7258 0.0044869406
204.08 2.725 0.0043977913
208.33 2.7242 0.0043086528
212.77 2.7235 0.0042193637
217.39 2.7227 0.004130259
222.22 2.722 0.0040410898
227.27 2.7213 0.0039519009
232.56 2.7206 0.0038626327
238.1 2.7199 0.0037733808
243.9 2.7193 0.003684244
250 2.7186 0.0035949709
256.41 2.718 0.0035057231
263.16 2.7174 0.0034164224
270.27 2.7168 0.0033271463
277.78 2.7163 0.0032378092
285.71 2.7157 0.0031485319
294.12 2.7152 0.0030591179
303.03 2.7146 0.0029697634
312.5 2.7141 0.0028803561
322.58 2.7137 0.002790928
333.33 2.7132 0.0027014764
344.83 2.7127 0.0026119558
357.14 2.7123 0.0025224684
370.37 2.7119 0.0024329126
384.62 2.7115 0.0023433044
400 2.7111 0.0022537125
416.67 2.7107 0.002164054
434.78 2.7103 0.0020743946
454.55 2.71 0.0019846572
476.19 2.7097 0.0018949165
500 2.7093 0.0018051308
526.32 2.709 0.0017152906
555.56 2.7088 0.0016254182
588.24 2.7085 0.0015355129
625 2.7082 0.0014455749
666.67 2.708 0.0013555804
714.29 2.7078 0.0012655406
769.23 2.7076 0.0011754695
833.33 2.7074 0.0010853455
909.09 2.7072 0.00099517889
1000 2.7071 0.00090495772

